"GeographyCode","KS604EW0001","KS604EW0002","KS604EW0003","KS604EW0004","KS604EW0005","KS604EW0006","KS604EW0007","KS604EW0008","KS604EW0009","KS604EW0010","KS604EW0011","KS604EW0012","KS604EW0013","KS604EW0014","KS604EW0015","KS604EW0016","KS604EW0017","KS604EW0018","KS604EW0019","KS604EW0020","KS604EW0021","KS604EW0022","KS604EW0023","KS604EW0024","KS604EW0025","KS604EW0026","KS604EW0027","KS604EW0028","KS604EW0029"
"E01004197",1196,100,237,687,172,613,47,119,341,106,583,53,118,346,66,8.36120401337793,19.8160535117057,57.4414715719064,14.38127090301,51.2541806020067,3.92976588628763,9.94983277591973,28.5117056856187,8.8628762541806,48.7458193979933,4.4314381270903,9.86622073578595,28.9297658862876,5.51839464882943
"E01004198",641,51,144,360,86,351,28,76,190,57,290,23,68,170,29,7.95631825273011,22.4648985959438,56.1622464898596,13.4165366614665,54.7581903276131,4.36817472698908,11.8564742589704,29.6411856474259,8.89235569422777,45.2418096723869,3.58814352574103,10.6084243369735,26.5210608424337,4.52418096723869
"E01004199",553,63,143,297,50,325,25,87,178,35,228,38,56,119,15,11.3924050632911,25.8589511754069,53.7070524412296,9.04159132007233,58.7703435804702,4.52079566003617,15.7323688969259,32.1880650994575,6.32911392405063,41.2296564195298,6.87160940325497,10.126582278481,21.5189873417722,2.7124773960217
"E01004200",925,108,110,524,183,483,49,54,276,104,442,59,56,248,79,11.6756756756757,11.8918918918919,56.6486486486486,19.7837837837838,52.2162162162162,5.2972972972973,5.83783783783784,29.8378378378378,11.2432432432432,47.7837837837838,6.37837837837838,6.05405405405405,26.8108108108108,8.54054054054054
"E01004201",743,61,141,448,93,410,34,71,242,63,333,27,70,206,30,8.20995962314939,18.9771197846568,60.2960969044415,12.5168236877524,55.1816958277254,4.57604306864065,9.55585464333782,32.5706594885599,8.47913862718708,44.8183041722746,3.63391655450875,9.42126514131898,27.7254374158816,4.03768506056528
"E01004202",1004,65,143,602,194,564,38,83,334,109,440,27,60,268,85,6.47410358565737,14.2430278884462,59.9601593625498,19.3227091633466,56.1752988047809,3.78486055776892,8.26693227091633,33.2669322709163,10.8565737051793,43.8247011952191,2.68924302788845,5.97609561752988,26.6932270916335,8.46613545816733
"E01004203",973,72,142,599,160,542,35,75,316,116,431,37,67,283,44,7.39979445015416,14.5940390544707,61.5621788283659,16.4439876670092,55.7040082219938,3.59712230215827,7.70811921891059,32.4768756423433,11.9218910585817,44.2959917780062,3.80267214799589,6.88591983556012,29.0853031860226,4.52209660842754
"E01004204",594,40,133,372,49,342,19,80,210,33,252,21,53,162,16,6.73400673400673,22.3905723905724,62.6262626262626,8.24915824915825,57.5757575757576,3.1986531986532,13.4680134680135,35.3535353535354,5.55555555555556,42.4242424242424,3.53535353535354,8.92255892255892,27.2727272727273,2.69360269360269
"E01004205",741,92,237,345,67,472,52,167,206,47,269,40,70,139,20,12.4156545209177,31.9838056680162,46.5587044534413,9.04183535762483,63.697705802969,7.01754385964912,22.5371120107962,27.8002699055331,6.34278002699055,36.302294197031,5.39811066126856,9.44669365721997,18.7584345479082,2.69905533063428
"E01004206",533,63,146,281,43,298,26,95,153,24,235,37,51,128,19,11.8198874296435,27.3921200750469,52.7204502814259,8.06754221388368,55.9099437148218,4.8780487804878,17.8236397748593,28.7054409005629,4.50281425891182,44.0900562851782,6.94183864915572,9.56848030018762,24.015009380863,3.56472795497186
"E01004207",562,61,135,299,67,315,23,87,162,43,247,38,48,137,24,10.8540925266904,24.0213523131673,53.202846975089,11.9217081850534,56.0498220640569,4.09252669039146,15.4804270462633,28.8256227758007,7.65124555160142,43.9501779359431,6.76156583629893,8.54092526690392,24.3772241992883,4.27046263345196
"E01004208",1085,73,168,636,208,630,27,94,364,145,455,46,74,272,63,6.72811059907834,15.4838709677419,58.6175115207373,19.1705069124424,58.0645161290323,2.48847926267281,8.66359447004608,33.5483870967742,13.3640552995392,41.9354838709677,4.23963133640553,6.82027649769585,25.0691244239631,5.80645161290323
"E01004209",478,48,125,260,45,289,20,75,162,32,189,28,50,98,13,10.0418410041841,26.1506276150628,54.3933054393305,9.41422594142259,60.4602510460251,4.18410041841004,15.6903765690377,33.8912133891213,6.69456066945607,39.5397489539749,5.85774058577406,10.4602510460251,20.5020920502092,2.71966527196653
"E01004211",903,63,124,546,170,510,47,63,301,99,393,16,61,245,71,6.97674418604651,13.7320044296788,60.4651162790698,18.8261351052049,56.4784053156146,5.20487264673311,6.97674418604651,33.3333333333333,10.9634551495017,43.5215946843854,1.7718715393134,6.75526024363234,27.1317829457364,7.86267995570321
"E01004212",717,60,145,401,111,409,33,93,213,70,308,27,52,188,41,8.36820083682008,20.2231520223152,55.9274755927476,15.4811715481172,57.0432357043236,4.60251046025105,12.9707112970711,29.7071129707113,9.7629009762901,42.9567642956764,3.76569037656904,7.25244072524407,26.2203626220363,5.71827057182706
"E01004214",582,65,153,297,67,334,24,88,175,47,248,41,65,122,20,11.1683848797251,26.2886597938144,51.0309278350515,11.5120274914089,57.3883161512027,4.12371134020619,15.1202749140893,30.0687285223368,8.07560137457045,42.6116838487972,7.0446735395189,11.1683848797251,20.9621993127148,3.43642611683849
"E01004215",1371,90,161,794,326,813,37,82,459,235,558,53,79,335,91,6.56455142231947,11.7432530999271,57.9139314369074,23.7782640408461,59.2997811816193,2.69876002917578,5.98103574033552,33.4792122538293,17.1407731582786,40.7002188183807,3.86579139314369,5.76221735959154,24.434719183078,6.63749088256747
"E01004216",952,53,100,600,199,566,28,42,349,147,386,25,58,251,52,5.5672268907563,10.5042016806723,63.0252100840336,20.9033613445378,59.453781512605,2.94117647058824,4.41176470588235,36.6596638655462,15.4411764705882,40.546218487395,2.62605042016807,6.09243697478992,26.3655462184874,5.46218487394958
"E01004217",893,50,150,549,144,490,19,60,304,107,403,31,90,245,37,5.59910414333707,16.7973124300112,61.478163493841,16.1254199328108,54.8712206047033,2.12765957446809,6.71892497200448,34.0425531914894,11.9820828667413,45.1287793952968,3.47144456886898,10.0783874580067,27.4356103023516,4.14333706606943
"E01004218",989,56,111,621,201,553,22,42,347,142,436,34,69,274,59,5.66228513650152,11.2234580384226,62.7906976744186,20.3235591506572,55.9150657229525,2.22446916076845,4.24671385237614,35.0859453993933,14.3579373104146,44.0849342770475,3.43781597573306,6.97674418604651,27.7047522750253,5.96562184024267
"E01004219",1009,91,181,602,135,610,35,100,378,97,399,56,81,224,38,9.01883052527255,17.9385530227948,59.6630327056492,13.3795837462834,60.4558969276511,3.46878097125867,9.91080277502478,37.4628344895937,9.61347869177403,39.5441030723489,5.55004955401388,8.02775024777007,22.2001982160555,3.76610505450942
"E01004221",1108,57,129,702,220,668,21,59,424,164,440,36,70,278,56,5.14440433212996,11.6425992779783,63.3574007220217,19.85559566787,60.2888086642599,1.89530685920578,5.32490974729242,38.2671480144404,14.8014440433213,39.7111913357401,3.24909747292419,6.31768953068592,25.0902527075812,5.05415162454874
"E01004222",931,85,185,540,121,496,29,84,305,78,435,56,101,235,43,9.12996777658432,19.8711063372718,58.0021482277121,12.9967776584318,53.2760472610097,3.11493018259936,9.02255639097744,32.7604726100967,8.3780880773362,46.7239527389903,6.01503759398496,10.8485499462943,25.2416756176155,4.6186895810956
"E01004223",936,75,172,561,128,464,27,61,291,85,472,48,111,270,43,8.01282051282051,18.3760683760684,59.9358974358974,13.6752136752137,49.5726495726496,2.88461538461538,6.51709401709402,31.0897435897436,9.08119658119658,50.4273504273504,5.12820512820513,11.8589743589744,28.8461538461538,4.59401709401709
"E01004224",950,69,146,575,160,521,26,75,322,98,429,43,71,253,62,7.26315789473684,15.3684210526316,60.5263157894737,16.8421052631579,54.8421052631579,2.73684210526316,7.89473684210526,33.8947368421053,10.3157894736842,45.1578947368421,4.52631578947368,7.47368421052632,26.6315789473684,6.52631578947368
"E01004225",1622,58,142,1033,389,906,28,62,564,252,716,30,80,469,137,3.57583230579531,8.75462392108508,63.6868064118372,23.9827373612824,55.8569667077682,1.72626387176326,3.82244143033292,34.7718865598027,15.5363748458693,44.1430332922318,1.84956843403206,4.93218249075216,28.9149198520345,8.44636251541307
"E01004226",775,75,185,416,99,402,32,78,227,65,373,43,107,189,34,9.67741935483871,23.8709677419355,53.6774193548387,12.7741935483871,51.8709677419355,4.12903225806452,10.0645161290323,29.2903225806452,8.38709677419355,48.1290322580645,5.54838709677419,13.8064516129032,24.3870967741935,4.38709677419355
"E01004228",1024,60,143,638,183,516,16,51,333,116,508,44,92,305,67,5.859375,13.96484375,62.3046875,17.87109375,50.390625,1.5625,4.98046875,32.51953125,11.328125,49.609375,4.296875,8.984375,29.78515625,6.54296875
"E01004229",697,74,141,380,102,389,40,75,214,60,308,34,66,166,42,10.6169296987088,20.2295552367288,54.519368723099,14.6341463414634,55.8106169296987,5.73888091822095,10.7604017216643,30.7030129124821,8.60832137733142,44.1893830703013,4.8780487804878,9.46915351506456,23.8163558106169,6.02582496413199
"E01004230",979,77,149,592,161,501,31,72,296,102,478,46,77,296,59,7.86516853932584,15.2196118488253,60.4698672114402,16.4453524004086,51.1746680286006,3.16649642492339,7.35444330949949,30.2349336057201,10.4187946884576,48.8253319713994,4.69867211440245,7.86516853932584,30.2349336057201,6.02655771195097
"E01004231",685,87,170,354,74,370,47,86,189,48,315,40,84,165,26,12.7007299270073,24.8175182481752,51.6788321167883,10.8029197080292,54.014598540146,6.86131386861314,12.5547445255474,27.5912408759124,7.00729927007299,45.985401459854,5.83941605839416,12.2627737226277,24.0875912408759,3.7956204379562
"E01004232",979,84,119,585,191,508,33,53,297,125,471,51,66,288,66,8.58018386108274,12.1552604698672,59.7548518896833,19.5097037793667,51.8896833503575,3.37078651685393,5.41368743615935,30.3370786516854,12.7681307456588,48.1103166496425,5.2093973442288,6.74157303370786,29.417773237998,6.74157303370786
"E01004233",719,71,152,414,82,380,28,80,223,49,339,43,72,191,33,9.87482614742698,21.1404728789986,57.5799721835883,11.4047287899861,52.8511821974965,3.89429763560501,11.1265646731572,31.0152990264256,6.81502086230876,47.1488178025035,5.98052851182197,10.0139082058414,26.5646731571627,4.58970792767733
"E01004234",1281,92,177,768,244,656,25,59,416,156,625,67,118,352,88,7.18188914910226,13.8173302107728,59.9531615925059,19.047619047619,51.2099921935988,1.95160031225605,4.60577673692428,32.4746291959407,12.1779859484778,48.7900078064012,5.23028883684621,9.21155347384856,27.4785323965652,6.8696330991413
"E01004235",501,73,146,240,42,320,42,94,154,30,181,31,52,86,12,14.5708582834331,29.1417165668663,47.9041916167665,8.38323353293413,63.872255489022,8.38323353293413,18.7624750499002,30.7385229540918,5.98802395209581,36.127744510978,6.187624750499,10.3792415169661,17.1656686626747,2.39520958083832
"E01004236",528,75,142,270,41,329,43,100,157,29,199,32,42,113,12,14.2045454545455,26.8939393939394,51.1363636363636,7.76515151515152,62.3106060606061,8.14393939393939,18.9393939393939,29.7348484848485,5.49242424242424,37.6893939393939,6.06060606060606,7.95454545454545,21.4015151515152,2.27272727272727
"E01004237",521,56,81,324,60,284,26,42,175,41,237,30,39,149,19,10.7485604606526,15.5470249520154,62.1880998080614,11.5163147792706,54.510556621881,4.99040307101727,8.06142034548944,33.5892514395393,7.86948176583493,45.489443378119,5.75815738963532,7.48560460652591,28.5988483685221,3.6468330134357
"E01004238",1183,88,240,721,134,701,54,145,406,96,482,34,95,315,38,7.43871513102282,20.2874049027895,60.9467455621302,11.3271344040575,59.2561284868977,4.56466610312764,12.2569737954353,34.3195266272189,8.11496196111581,40.7438715131023,2.87404902789518,8.03043110735418,26.6272189349112,3.21217244294167
"E01004239",595,60,167,322,46,348,25,94,200,29,247,35,73,122,17,10.0840336134454,28.0672268907563,54.1176470588235,7.73109243697479,58.4873949579832,4.20168067226891,15.7983193277311,33.6134453781513,4.87394957983193,41.5126050420168,5.88235294117647,12.2689075630252,20.5042016806723,2.85714285714286
"E01004240",630,63,165,337,65,356,27,102,184,43,274,36,63,153,22,10,26.1904761904762,53.4920634920635,10.3174603174603,56.5079365079365,4.28571428571429,16.1904761904762,29.2063492063492,6.82539682539683,43.4920634920635,5.71428571428571,10,24.2857142857143,3.49206349206349
"E01004241",533,82,154,266,31,309,36,92,159,22,224,46,62,107,9,15.3846153846154,28.8930581613508,49.906191369606,5.81613508442777,57.9737335834897,6.75422138836773,17.2607879924953,29.8311444652908,4.12757973733583,42.0262664165103,8.63039399624765,11.6322701688555,20.0750469043152,1.68855534709193
"E01004242",942,87,204,535,116,566,42,137,297,90,376,45,67,238,26,9.23566878980892,21.656050955414,56.7940552016985,12.3142250530786,60.0849256900212,4.45859872611465,14.5435244161359,31.5286624203822,9.55414012738854,39.9150743099788,4.77707006369427,7.11252653927813,25.2653927813163,2.76008492569002
"E01004243",607,87,166,303,51,371,54,101,182,34,236,33,65,121,17,14.332784184514,27.3476112026359,49.9176276771005,8.40197693574959,61.1202635914333,8.89621087314662,16.6392092257002,29.9835255354201,5.60131795716639,38.8797364085667,5.43657331136738,10.7084019769358,19.9341021416804,2.8006589785832
"E01004244",593,65,150,310,68,336,27,84,170,55,257,38,66,140,13,10.9612141652614,25.2951096121417,52.2765598650928,11.4671163575042,56.6610455311973,4.5531197301855,14.1652613827993,28.6677908937605,9.27487352445194,43.3389544688027,6.40809443507589,11.1298482293423,23.6087689713322,2.19224283305228
"E01004245",417,45,135,210,27,240,20,83,116,21,177,25,52,94,6,10.7913669064748,32.3741007194245,50.3597122302158,6.47482014388489,57.5539568345324,4.79616306954436,19.9040767386091,27.8177458033573,5.03597122302158,42.4460431654676,5.99520383693046,12.4700239808153,22.5419664268585,1.43884892086331
"E01004246",928,63,174,561,130,541,33,87,333,88,387,30,87,228,42,6.78879310344828,18.75,60.4525862068966,14.0086206896552,58.2974137931034,3.55603448275862,9.375,35.8836206896552,9.48275862068965,41.7025862068966,3.23275862068966,9.375,24.5689655172414,4.52586206896552
"E01004247",700,82,164,389,65,414,38,91,235,50,286,44,73,154,15,11.7142857142857,23.4285714285714,55.5714285714286,9.28571428571429,59.1428571428571,5.42857142857143,13,33.5714285714286,7.14285714285714,40.8571428571429,6.28571428571429,10.4285714285714,22,2.14285714285714
"E01004248",386,47,109,193,37,217,26,65,105,21,169,21,44,88,16,12.1761658031088,28.2383419689119,50,9.58549222797927,56.2176165803109,6.73575129533679,16.839378238342,27.2020725388601,5.44041450777202,43.7823834196891,5.44041450777202,11.3989637305699,22.7979274611399,4.14507772020725
"E01004249",727,76,198,382,71,423,32,117,224,50,304,44,81,158,21,10.4539202200825,27.2352132049519,52.544704264099,9.76616231086657,58.1843191196699,4.40165061898212,16.0935350756534,30.8115543328748,6.87757909215956,41.8156808803301,6.05226960110041,11.1416781292985,21.7331499312242,2.88858321870702
"E01004250",824,77,206,462,79,460,26,109,266,59,364,51,97,196,20,9.34466019417476,25,56.0679611650485,9.5873786407767,55.8252427184466,3.15533980582524,13.2281553398058,32.2815533980583,7.16019417475728,44.1747572815534,6.18932038834951,11.7718446601942,23.7864077669903,2.42718446601942
"E01004251",808,87,201,418,102,534,59,132,264,79,274,28,69,154,23,10.7673267326733,24.8762376237624,51.7326732673267,12.6237623762376,66.0891089108911,7.3019801980198,16.3366336633663,32.6732673267327,9.77722772277228,33.9108910891089,3.46534653465347,8.53960396039604,19.0594059405941,2.84653465346535
"E01004252",1256,95,214,735,212,741,38,111,454,138,515,57,103,281,74,7.56369426751592,17.0382165605096,58.5191082802548,16.8789808917197,58.9968152866242,3.02547770700637,8.8375796178344,36.1464968152866,10.9872611464968,41.0031847133758,4.53821656050955,8.20063694267516,22.3726114649682,5.89171974522293
"E01004253",856,84,234,454,84,493,36,139,265,53,363,48,95,189,31,9.81308411214953,27.3364485981308,53.0373831775701,9.81308411214953,57.5934579439252,4.20560747663551,16.2383177570093,30.9579439252336,6.19158878504673,42.4065420560748,5.60747663551402,11.0981308411215,22.0794392523364,3.6214953271028
"E01004254",1554,58,99,888,509,935,27,41,521,346,619,31,58,367,163,3.73230373230373,6.37065637065637,57.1428571428571,32.7541827541828,60.1673101673102,1.73745173745174,2.63835263835264,33.5263835263835,22.2651222651223,39.8326898326898,1.99485199485199,3.73230373230373,23.6164736164736,10.4890604890605
"E01004255",692,45,158,376,113,416,23,97,230,66,276,22,61,146,47,6.5028901734104,22.8323699421965,54.3352601156069,16.3294797687861,60.1156069364162,3.32369942196532,14.0173410404624,33.2369942196532,9.53757225433526,39.8843930635838,3.17919075144509,8.8150289017341,21.0982658959538,6.79190751445087
"E01004256",665,71,174,363,57,385,37,103,204,41,280,34,71,159,16,10.6766917293233,26.1654135338346,54.5864661654135,8.57142857142857,57.8947368421053,5.56390977443609,15.4887218045113,30.6766917293233,6.16541353383459,42.1052631578947,5.11278195488722,10.6766917293233,23.9097744360902,2.40601503759399
"E01004257",663,69,182,353,59,360,23,97,198,42,303,46,85,155,17,10.4072398190045,27.4509803921569,53.2428355957768,8.89894419306184,54.2986425339367,3.46907993966818,14.630467571644,29.8642533936652,6.33484162895928,45.7013574660633,6.93815987933635,12.8205128205128,23.3785822021116,2.56410256410256
"E01004258",884,49,81,456,298,517,24,43,255,195,367,25,38,201,103,5.54298642533937,9.16289592760181,51.5837104072398,33.710407239819,58.4841628959276,2.71493212669683,4.86425339366516,28.8461538461538,22.0588235294118,41.5158371040724,2.82805429864253,4.29864253393665,22.737556561086,11.6515837104072
"E01004259",1014,75,148,636,155,558,45,75,335,103,456,30,73,301,52,7.39644970414201,14.5956607495069,62.7218934911243,15.2859960552268,55.0295857988166,4.43786982248521,7.39644970414201,33.0374753451677,10.1577909270217,44.9704142011834,2.9585798816568,7.19921104536489,29.6844181459566,5.12820512820513
"E01004260",743,65,173,400,105,402,26,93,212,71,341,39,80,188,34,8.74831763122476,23.2839838492598,53.835800807537,14.1318977119785,54.1049798115747,3.49932705248991,12.5168236877524,28.5329744279946,9.55585464333782,45.8950201884253,5.24899057873486,10.7671601615074,25.3028263795424,4.57604306864065
"E01004261",620,224,185,187,24,314,82,111,107,14,306,142,74,80,10,36.1290322580645,29.8387096774194,30.1612903225806,3.87096774193548,50.6451612903226,13.2258064516129,17.9032258064516,17.258064516129,2.25806451612903,49.3548387096774,22.9032258064516,11.9354838709677,12.9032258064516,1.61290322580645
"E01004262",591,127,148,256,60,338,59,77,163,39,253,68,71,93,21,21.4890016920474,25.0423011844332,43.3164128595601,10.1522842639594,57.1912013536379,9.98307952622674,13.0287648054146,27.580372250423,6.5989847715736,42.8087986463621,11.5059221658206,12.0135363790186,15.7360406091371,3.55329949238579
"E01004263",543,58,128,302,55,294,24,70,159,41,249,34,58,143,14,10.6813996316759,23.572744014733,55.6169429097606,10.1289134438306,54.1436464088398,4.41988950276243,12.8913443830571,29.2817679558011,7.55064456721915,45.8563535911602,6.26151012891344,10.6813996316759,26.3351749539595,2.57826887661142
"E01004264",495,79,159,229,28,317,41,109,147,20,178,38,50,82,8,15.959595959596,32.1212121212121,46.2626262626263,5.65656565656566,64.040404040404,8.28282828282828,22.020202020202,29.6969696969697,4.04040404040404,35.959595959596,7.67676767676768,10.1010101010101,16.5656565656566,1.61616161616162
"E01004266",772,52,144,456,120,392,26,62,235,69,380,26,82,221,51,6.73575129533679,18.6528497409326,59.0673575129534,15.5440414507772,50.7772020725389,3.36787564766839,8.03108808290155,30.440414507772,8.93782383419689,49.2227979274611,3.36787564766839,10.6217616580311,28.6269430051813,6.60621761658031
"E01004267",912,80,131,524,177,530,39,73,298,120,382,41,58,226,57,8.7719298245614,14.3640350877193,57.4561403508772,19.4078947368421,58.1140350877193,4.27631578947368,8.00438596491228,32.6754385964912,13.1578947368421,41.8859649122807,4.49561403508772,6.35964912280702,24.780701754386,6.25
"E01004268",656,54,148,373,81,385,22,97,207,59,271,32,51,166,22,8.23170731707317,22.5609756097561,56.859756097561,12.3475609756098,58.6890243902439,3.35365853658537,14.7865853658537,31.5548780487805,8.99390243902439,41.3109756097561,4.8780487804878,7.77439024390244,25.3048780487805,3.35365853658537
"E01004269",799,82,195,432,90,446,35,114,240,57,353,47,81,192,33,10.2628285356696,24.4055068836045,54.0675844806008,11.2640801001252,55.819774718398,4.38047559449312,14.2678347934919,30.0375469336671,7.13391739674593,44.180225281602,5.88235294117647,10.1376720901126,24.0300375469337,4.13016270337922
"E01004270",1149,123,196,644,186,654,66,110,351,127,495,57,86,293,59,10.7049608355091,17.0583115752829,56.0487380330722,16.1879895561358,56.9190600522193,5.74412532637076,9.57354221061793,30.5483028720627,11.053089643168,43.0809399477807,4.96083550913838,7.48476936466493,25.5004351610096,5.1348999129678
"E01004271",542,61,155,283,43,296,18,92,151,35,246,43,63,132,8,11.2546125461255,28.5977859778598,52.2140221402214,7.93357933579336,54.6125461254613,3.3210332103321,16.9741697416974,27.859778597786,6.45756457564576,45.3874538745387,7.93357933579336,11.6236162361624,24.3542435424354,1.4760147601476
"E01004272",657,93,204,317,43,420,52,134,197,37,237,41,70,120,6,14.1552511415525,31.0502283105023,48.2496194824962,6.54490106544901,63.9269406392694,7.91476407914764,20.3957382039574,29.9847792998478,5.63165905631659,36.0730593607306,6.24048706240487,10.6544901065449,18.2648401826484,0.91324200913242
"E01004273",611,89,168,301,53,356,43,109,167,37,255,46,59,134,16,14.5662847790507,27.4959083469722,49.2635024549918,8.67430441898527,58.2651391162029,7.03764320785597,17.8396072013093,27.3322422258593,6.0556464811784,41.7348608837971,7.52864157119476,9.65630114566285,21.9312602291326,2.61865793780687
"E01004274",844,62,131,510,141,487,31,68,289,99,357,31,63,221,42,7.34597156398104,15.521327014218,60.4265402843602,16.7061611374408,57.7014218009479,3.67298578199052,8.05687203791469,34.2417061611374,11.7298578199052,42.2985781990521,3.67298578199052,7.46445497630332,26.1848341232227,4.97630331753555
"E01004275",1057,79,128,638,212,578,23,54,353,148,479,56,74,285,64,7.47398297067171,12.1097445600757,60.3595080416273,20.0567644276254,54.6830652790918,2.1759697256386,5.10879848628193,33.3964049195837,14.0018921475875,45.3169347209082,5.29801324503311,7.00094607379375,26.9631031220435,6.05487228003784
"E01004276",1549,65,93,940,451,882,23,39,520,300,667,42,54,420,151,4.19625564880568,6.00387346675274,60.6843124596514,29.1155584247902,56.9399612653325,1.48482892188509,2.51775338928341,33.5700451904454,19.3673337637185,43.0600387346675,2.71142672692059,3.48612007746934,27.1142672692059,9.74822466107166
"E01004277",1189,40,57,552,540,746,16,27,306,397,443,24,30,246,143,3.36417157275021,4.79394449116905,46.4255677039529,45.4163162321278,62.7417998317914,1.34566862910008,2.27081581160639,25.7359125315391,33.3894028595458,37.2582001682086,2.01850294365013,2.52312867956266,20.6896551724138,12.026913372582
"E01004280",934,56,126,524,228,544,25,60,295,164,390,31,66,229,64,5.99571734475375,13.4903640256959,56.1027837259101,24.4111349036403,58.2441113490364,2.67665952890792,6.42398286937901,31.5845824411135,17.558886509636,41.7558886509636,3.31905781584582,7.06638115631692,24.5182012847966,6.85224839400428
"E01004281",1166,38,111,756,261,693,19,46,455,173,473,19,65,301,88,3.2590051457976,9.51972555746141,64.8370497427101,22.3842195540309,59.4339622641509,1.6295025728988,3.9451114922813,39.0222984562607,14.8370497427101,40.5660377358491,1.6295025728988,5.5746140651801,25.8147512864494,7.54716981132075
"E01004283",850,114,212,444,80,470,59,125,233,53,380,55,87,211,27,13.4117647058824,24.9411764705882,52.2352941176471,9.41176470588235,55.2941176470588,6.94117647058824,14.7058823529412,27.4117647058824,6.23529411764706,44.7058823529412,6.47058823529412,10.2352941176471,24.8235294117647,3.17647058823529
"E01004284",1032,75,181,653,123,573,38,104,349,82,459,37,77,304,41,7.26744186046512,17.5387596899225,63.2751937984496,11.9186046511628,55.5232558139535,3.68217054263566,10.077519379845,33.8178294573643,7.94573643410853,44.4767441860465,3.58527131782946,7.46124031007752,29.4573643410853,3.97286821705426
"E01004285",696,101,229,322,44,425,44,145,204,32,271,57,84,118,12,14.5114942528736,32.9022988505747,46.264367816092,6.32183908045977,61.0632183908046,6.32183908045977,20.8333333333333,29.3103448275862,4.59770114942529,38.9367816091954,8.18965517241379,12.0689655172414,16.9540229885057,1.72413793103448
"E01004286",860,85,181,484,110,510,39,111,287,73,350,46,70,197,37,9.88372093023256,21.046511627907,56.2790697674419,12.7906976744186,59.3023255813954,4.53488372093023,12.906976744186,33.3720930232558,8.48837209302325,40.6976744186046,5.34883720930233,8.13953488372093,22.906976744186,4.30232558139535
"E01004287",829,97,203,432,97,482,48,114,247,73,347,49,89,185,24,11.7008443908323,24.4873341375151,52.1109770808203,11.7008443908323,58.1423401688782,5.79010856453559,13.751507840772,29.794933655006,8.80579010856454,41.8576598311218,5.91073582629674,10.7358262967431,22.3160434258142,2.89505428226779
"E01004288",533,53,136,289,55,313,33,81,161,38,220,20,55,128,17,9.9437148217636,25.515947467167,54.2213883677298,10.3189493433396,58.7242026266417,6.19136960600375,15.1969981238274,30.2063789868668,7.12945590994371,41.2757973733583,3.75234521575985,10.3189493433396,24.015009380863,3.18949343339587
"E01004289",718,86,161,383,88,416,51,90,208,67,302,35,71,175,21,11.9777158774373,22.4233983286908,53.3426183844011,12.2562674094708,57.9387186629526,7.10306406685237,12.5348189415042,28.9693593314763,9.33147632311978,42.0612813370474,4.87465181058496,9.88857938718663,24.3732590529248,2.92479108635097
"E01004290",662,92,111,351,108,350,39,58,180,73,312,53,53,171,35,13.8972809667674,16.7673716012085,53.0211480362538,16.3141993957704,52.8700906344411,5.89123867069486,8.76132930513595,27.190332326284,11.0271903323263,47.1299093655589,8.00604229607251,8.00604229607251,25.8308157099698,5.28700906344411
"E01004291",1281,45,82,714,440,776,21,45,400,310,505,24,37,314,130,3.51288056206089,6.40124902419984,55.7377049180328,34.3481654957065,60.5776736924278,1.63934426229508,3.51288056206089,31.2256049960968,24.199843871975,39.4223263075722,1.87353629976581,2.88836846213895,24.512099921936,10.1483216237315
"E01004292",1285,63,88,709,425,772,38,37,413,284,513,25,51,296,141,4.90272373540856,6.84824902723735,55.1750972762646,33.0739299610895,60.0778210116732,2.95719844357977,2.87937743190661,32.1400778210117,22.1011673151751,39.9221789883268,1.94552529182879,3.96887159533074,23.0350194552529,10.9727626459144
"E01004293",1468,47,109,818,494,885,22,50,452,361,583,25,59,366,133,3.2016348773842,7.42506811989101,55.7220708446866,33.6512261580381,60.2861035422343,1.49863760217984,3.40599455040872,30.7901907356948,24.591280653951,39.7138964577657,1.70299727520436,4.01907356948229,24.9318801089918,9.05994550408719
"E01004294",1093,66,115,605,307,657,37,62,338,220,436,29,53,267,87,6.0384263494968,10.5215004574565,55.352241537054,28.0878316559927,60.1097895699908,3.38517840805123,5.67246111619396,30.9240622140897,20.128087831656,39.8902104300091,2.65324794144556,4.84903934126258,24.4281793229643,7.95974382433669
"E01004295",515,53,160,245,57,327,31,112,143,41,188,22,48,102,16,10.2912621359223,31.0679611650485,47.5728155339806,11.0679611650485,63.495145631068,6.01941747572816,21.747572815534,27.7669902912621,7.96116504854369,36.504854368932,4.27184466019417,9.32038834951456,19.8058252427184,3.10679611650485
"E01004296",803,61,132,464,146,474,29,79,270,96,329,32,53,194,50,7.59651307596513,16.4383561643836,57.7833125778331,18.1818181818182,59.0286425902864,3.61145703611457,9.83810709838107,33.6239103362391,11.9551681195517,40.9713574097136,3.98505603985056,6.60024906600249,24.159402241594,6.2266500622665
"E01004297",1280,51,118,696,415,720,14,48,397,261,560,37,70,299,154,3.984375,9.21875,54.375,32.421875,56.25,1.09375,3.75,31.015625,20.390625,43.75,2.890625,5.46875,23.359375,12.03125
"E01004298",656,79,133,361,83,387,32,94,204,57,269,47,39,157,26,12.0426829268293,20.2743902439024,55.030487804878,12.6524390243902,58.9939024390244,4.8780487804878,14.3292682926829,31.0975609756098,8.6890243902439,41.0060975609756,7.16463414634146,5.94512195121951,23.9329268292683,3.96341463414634
"E01004300",497,76,119,234,68,288,30,63,139,56,209,46,56,95,12,15.2917505030181,23.943661971831,47.0824949698189,13.682092555332,57.9476861167002,6.03621730382294,12.6760563380282,27.9678068410463,11.2676056338028,42.0523138832998,9.25553319919517,11.2676056338028,19.1146881287726,2.41448692152917
"E01004301",497,54,109,254,80,317,31,75,155,56,180,23,34,99,24,10.8651911468813,21.9315895372233,51.1066398390342,16.0965794768612,63.7826961770624,6.2374245472837,15.0905432595573,31.1871227364185,11.2676056338028,36.2173038229376,4.62776659959759,6.841046277666,19.9195171026157,4.82897384305835
"E01004302",730,75,202,372,81,480,47,139,234,60,250,28,63,138,21,10.2739726027397,27.6712328767123,50.958904109589,11.0958904109589,65.7534246575342,6.43835616438356,19.041095890411,32.0547945205479,8.21917808219178,34.2465753424658,3.83561643835616,8.63013698630137,18.9041095890411,2.87671232876712
"E01004303",1068,91,189,545,243,641,50,109,311,171,427,41,80,234,72,8.52059925093633,17.6966292134831,51.0299625468165,22.752808988764,60.0187265917603,4.68164794007491,10.2059925093633,29.1198501872659,16.0112359550562,39.9812734082397,3.83895131086142,7.49063670411985,21.9101123595506,6.74157303370786
"E01004304",672,73,158,359,82,438,43,117,219,59,234,30,41,140,23,10.8630952380952,23.5119047619048,53.422619047619,12.202380952381,65.1785714285714,6.39880952380952,17.4107142857143,32.5892857142857,8.7797619047619,34.8214285714286,4.46428571428571,6.10119047619048,20.8333333333333,3.42261904761905
"E01004305",715,91,173,347,104,442,37,112,211,82,273,54,61,136,22,12.7272727272727,24.1958041958042,48.5314685314685,14.5454545454545,61.8181818181818,5.17482517482518,15.6643356643357,29.5104895104895,11.4685314685315,38.1818181818182,7.55244755244755,8.53146853146853,19.020979020979,3.07692307692308
"E01004306",967,68,126,507,266,599,36,77,294,192,368,32,49,213,74,7.03205791106515,13.0299896587384,52.430196483971,27.5077559462254,61.9441571871768,3.72285418821096,7.96277145811789,30.4033092037229,19.8552223371251,38.0558428128232,3.30920372285419,5.06721820062048,22.0268872802482,7.65253360910031
"E01004307",1367,80,131,661,495,815,37,59,374,345,552,43,72,287,150,5.85223116313094,9.58302852962692,48.3540599853694,36.2106803218727,59.6196049743965,2.70665691294806,4.31602048280907,27.3591806876372,25.2377468910022,40.3803950256035,3.14557425018288,5.26700804681785,20.9948792977323,10.9729334308705
"E01004308",678,74,128,390,86,408,37,96,226,49,270,37,32,164,37,10.9144542772861,18.8790560471976,57.5221238938053,12.6843657817109,60.1769911504425,5.45722713864307,14.1592920353982,33.3333333333333,7.22713864306785,39.8230088495575,5.45722713864307,4.71976401179941,24.188790560472,5.45722713864307
"E01004309",1137,160,236,547,194,686,78,147,315,146,451,82,89,232,48,14.0721196130167,20.7563764291996,48.1090589270009,17.0624450307828,60.3342128408091,6.86015831134565,12.9287598944591,27.7044854881267,12.8408091468777,39.6657871591908,7.21196130167106,7.82761653474054,20.4045734388742,4.22163588390501
"E01004310",949,99,173,503,174,582,52,94,310,126,367,47,79,193,48,10.432033719705,18.2297154899895,53.0031612223393,18.3350895679663,61.3277133825079,5.47945205479452,9.90516332982086,32.6659641728135,13.277133825079,38.6722866174921,4.95258166491043,8.3245521601686,20.3371970495258,5.05795574288725
"E01004311",651,63,117,382,89,372,27,67,219,59,279,36,50,163,30,9.67741935483871,17.9723502304147,58.678955453149,13.6712749615975,57.1428571428571,4.14746543778802,10.2918586789555,33.6405529953917,9.06298003072197,42.8571428571429,5.52995391705069,7.68049155145929,25.0384024577573,4.60829493087558
"E01004312",680,61,154,402,63,433,30,103,253,47,247,31,51,149,16,8.97058823529412,22.6470588235294,59.1176470588235,9.26470588235294,63.6764705882353,4.41176470588235,15.1470588235294,37.2058823529412,6.91176470588235,36.3235294117647,4.55882352941176,7.5,21.9117647058824,2.35294117647059
"E01004313",933,56,160,562,155,506,28,96,282,100,427,28,64,280,55,6.0021436227224,17.1489817792069,60.2357984994641,16.6130760986066,54.2336548767417,3.0010718113612,10.2893890675241,30.2250803858521,10.7181136120043,45.7663451232583,3.0010718113612,6.85959271168274,30.010718113612,5.89496248660236
"E01004314",670,46,86,353,185,355,19,41,178,117,315,27,45,175,68,6.86567164179105,12.8358208955224,52.6865671641791,27.6119402985075,52.9850746268657,2.83582089552239,6.11940298507463,26.5671641791045,17.4626865671642,47.0149253731343,4.02985074626866,6.71641791044776,26.1194029850746,10.1492537313433
"E01004315",887,78,137,488,184,494,27,75,275,117,393,51,62,213,67,8.79368658399098,15.445321307779,55.0169109357384,20.7440811724915,55.6933483652762,3.04396843291995,8.4554678692221,31.0033821871477,13.1905298759865,44.3066516347238,5.74971815107103,6.98985343855693,24.0135287485908,7.55355129650507
"E01004316",565,57,92,320,96,326,21,50,193,62,239,36,42,127,34,10.0884955752212,16.283185840708,56.6371681415929,16.9911504424779,57.6991150442478,3.71681415929204,8.84955752212389,34.1592920353982,10.9734513274336,42.3008849557522,6.3716814159292,7.43362831858407,22.4778761061947,6.01769911504425
"E01004317",1702,97,203,951,451,986,52,102,527,305,716,45,101,424,146,5.69917743830787,11.9271445358402,55.8754406580494,26.4982373678026,57.9318448883666,3.05522914218566,5.99294947121034,30.9635722679201,17.9200940070505,42.0681551116334,2.64394829612221,5.93419506462985,24.9118683901293,8.57814336075206
"E01004318",666,61,157,369,79,401,38,89,226,48,265,23,68,143,31,9.15915915915916,23.5735735735736,55.4054054054054,11.8618618618619,60.2102102102102,5.70570570570571,13.3633633633634,33.9339339339339,7.20720720720721,39.7897897897898,3.45345345345345,10.2102102102102,21.4714714714715,4.65465465465465
"E01004319",720,97,171,354,98,464,37,122,230,75,256,60,49,124,23,13.4722222222222,23.75,49.1666666666667,13.6111111111111,64.4444444444444,5.13888888888889,16.9444444444444,31.9444444444444,10.4166666666667,35.5555555555556,8.33333333333333,6.80555555555556,17.2222222222222,3.19444444444444
"E01004321",784,91,155,407,131,491,55,103,236,97,293,36,52,171,34,11.6071428571429,19.7704081632653,51.9132653061224,16.7091836734694,62.6275510204082,7.01530612244898,13.1377551020408,30.1020408163265,12.3724489795918,37.3724489795918,4.59183673469388,6.63265306122449,21.8112244897959,4.33673469387755
"E01004322",502,60,81,290,71,290,26,53,158,53,212,34,28,132,18,11.9521912350598,16.1354581673307,57.7689243027888,14.1434262948207,57.7689243027888,5.1792828685259,10.5577689243028,31.4741035856574,10.5577689243028,42.2310756972112,6.77290836653386,5.57768924302789,26.2948207171315,3.58565737051793
"E01004323",685,77,134,381,93,400,38,77,224,61,285,39,57,157,32,11.2408759124088,19.5620437956204,55.6204379562044,13.5766423357664,58.3941605839416,5.54744525547445,11.2408759124088,32.7007299270073,8.9051094890511,41.6058394160584,5.69343065693431,8.32116788321168,22.9197080291971,4.67153284671533
"E01004324",600,76,168,294,62,382,42,121,178,41,218,34,47,116,21,12.6666666666667,28,49,10.3333333333333,63.6666666666667,7,20.1666666666667,29.6666666666667,6.83333333333333,36.3333333333333,5.66666666666667,7.83333333333333,19.3333333333333,3.5
"E01004325",1564,76,126,922,440,985,43,80,552,310,579,33,46,370,130,4.85933503836317,8.05626598465473,58.9514066496164,28.1329923273657,62.9795396419437,2.74936061381074,5.1150895140665,35.2941176470588,19.8209718670077,37.0204603580563,2.10997442455243,2.94117647058824,23.6572890025575,8.31202046035806
"E01004326",694,69,133,401,91,410,32,80,235,63,284,37,53,166,28,9.94236311239193,19.164265129683,57.7809798270893,13.1123919308357,59.0778097982709,4.61095100864553,11.5273775216138,33.8616714697406,9.07780979827089,40.9221902017291,5.3314121037464,7.63688760806916,23.9193083573487,4.03458213256484
"E01032764",830,56,86,513,175,452,22,38,285,107,378,34,48,228,68,6.74698795180723,10.3614457831325,61.8072289156626,21.0843373493976,54.4578313253012,2.65060240963855,4.57831325301205,34.3373493975904,12.8915662650602,45.5421686746988,4.09638554216868,5.78313253012048,27.4698795180723,8.19277108433735
"E01032765",784,61,93,474,156,445,22,43,272,108,339,39,50,202,48,7.78061224489796,11.8622448979592,60.4591836734694,19.8979591836735,56.7602040816327,2.80612244897959,5.48469387755102,34.6938775510204,13.7755102040816,43.2397959183673,4.97448979591837,6.37755102040816,25.765306122449,6.12244897959184
"E01032766",799,53,98,406,242,479,27,58,228,166,320,26,40,178,76,6.63329161451815,12.2653316645807,50.8135168961201,30.287859824781,59.9499374217772,3.37922403003755,7.25907384230288,28.5356695869837,20.7759699624531,40.0500625782228,3.2540675844806,5.00625782227785,22.2778473091364,9.51188986232791
"E01032767",1220,36,56,613,515,762,17,27,358,360,458,19,29,255,155,2.95081967213115,4.59016393442623,50.2459016393443,42.2131147540984,62.4590163934426,1.39344262295082,2.21311475409836,29.344262295082,29.5081967213115,37.5409836065574,1.55737704918033,2.37704918032787,20.9016393442623,12.7049180327869
"E01032768",974,38,46,504,386,594,19,22,288,265,380,19,24,216,121,3.90143737166324,4.72279260780287,51.7453798767967,39.6303901437372,60.9856262833676,1.95071868583162,2.25872689938398,29.5687885010267,27.2073921971253,39.0143737166324,1.95071868583162,2.46406570841889,22.17659137577,12.4229979466119
"E01032769",792,37,67,412,276,481,18,37,234,192,311,19,30,178,84,4.67171717171717,8.45959595959596,52.020202020202,34.8484848484849,60.7323232323232,2.27272727272727,4.67171717171717,29.5454545454545,24.2424242424242,39.2676767676768,2.3989898989899,3.78787878787879,22.4747474747475,10.6060606060606
"E01032770",723,38,45,437,203,404,14,11,234,145,319,24,34,203,58,5.25587828492393,6.22406639004149,60.4426002766252,28.0774550484094,55.8782849239281,1.93637621023513,1.52143845089903,32.3651452282158,20.0553250345781,44.1217150760719,3.3195020746888,4.70262793914246,28.0774550484094,8.02213001383126
"E01032771",624,26,37,299,262,386,13,19,160,194,238,13,18,139,68,4.16666666666667,5.92948717948718,47.9166666666667,41.9871794871795,61.8589743589744,2.08333333333333,3.04487179487179,25.6410256410256,31.0897435897436,38.1410256410256,2.08333333333333,2.88461538461538,22.275641025641,10.8974358974359
"E01032772",591,45,63,323,160,358,23,24,199,112,233,22,39,124,48,7.61421319796954,10.6598984771574,54.6531302876481,27.072758037225,60.575296108291,3.8917089678511,4.06091370558376,33.6717428087986,18.9509306260575,39.424703891709,3.72250423011844,6.5989847715736,20.9813874788494,8.12182741116751
"E01032773",932,38,69,555,270,571,16,33,335,187,361,22,36,220,83,4.07725321888412,7.40343347639485,59.549356223176,28.9699570815451,61.2660944206009,1.71673819742489,3.54077253218884,35.9442060085837,20.0643776824034,38.7339055793991,2.36051502145923,3.86266094420601,23.6051502145923,8.90557939914163
"E01032774",651,44,86,338,183,346,8,35,186,117,305,36,51,152,66,6.75883256528418,13.21044546851,51.9201228878648,28.110599078341,53.1490015360983,1.22887864823349,5.37634408602151,28.5714285714286,17.9723502304147,46.8509984639017,5.52995391705069,7.83410138248848,23.3486943164363,10.1382488479263
"E01032775",788,30,48,468,242,480,12,28,273,167,308,18,20,195,75,3.80710659898477,6.09137055837564,59.3908629441624,30.7106598984772,60.9137055837564,1.52284263959391,3.55329949238579,34.6446700507614,21.1928934010152,39.0862944162437,2.28426395939086,2.53807106598985,24.746192893401,9.51776649746193
"E01032776",763,24,39,433,267,477,13,17,253,194,286,11,22,180,73,3.14547837483617,5.11140235910878,56.7496723460026,34.9934469200524,62.5163826998689,1.70380078636959,2.22804718217562,33.1585845347313,25.4259501965924,37.4836173001311,1.44167758846658,2.88335517693316,23.5910878112713,9.56749672346003
"E01032777",691,33,65,429,164,381,19,29,225,108,310,14,36,204,56,4.77568740955137,9.40665701881331,62.0839363241679,23.7337192474674,55.137481910275,2.74963820549928,4.19681620839363,32.561505065123,15.629522431259,44.862518089725,2.0260492040521,5.20984081041968,29.5224312590449,8.10419681620839
"E01032778",721,28,53,439,201,427,10,26,244,147,294,18,27,195,54,3.88349514563107,7.35090152565881,60.8876560332871,27.877947295423,59.2233009708738,1.3869625520111,3.60610263522885,33.8418862690707,20.3883495145631,40.7766990291262,2.49653259361997,3.74479889042996,27.0457697642164,7.48959778085992
"E01032779",698,28,47,364,259,416,10,20,207,179,282,18,27,157,80,4.01146131805158,6.73352435530086,52.1489971346705,37.1060171919771,59.5988538681948,1.43266475644699,2.86532951289398,29.6561604584527,25.6446991404011,40.4011461318052,2.57879656160458,3.86819484240688,22.4928366762178,11.4613180515759
"E01032780",985,31,44,580,330,575,15,11,319,230,410,16,33,261,100,3.14720812182741,4.46700507614213,58.8832487309645,33.502538071066,58.3756345177665,1.52284263959391,1.11675126903553,32.3857868020305,23.3502538071066,41.6243654822335,1.6243654822335,3.3502538071066,26.497461928934,10.1522842639594
"E01032781",1108,41,66,595,406,657,19,22,327,289,451,22,44,268,117,3.70036101083032,5.95667870036101,53.7003610108303,36.6425992779783,59.2960288808664,1.71480144404332,1.985559566787,29.5126353790614,26.0830324909747,40.7039711191336,1.985559566787,3.97111913357401,24.187725631769,10.5595667870036
"E01032782",817,46,90,386,295,514,14,53,219,228,303,32,37,167,67,5.63035495716034,11.015911872705,47.2460220318237,36.1077111383109,62.9130966952264,1.71358629130967,6.48714810281518,26.8053855569155,27.906976744186,37.0869033047736,3.91676866585067,4.52876376988984,20.4406364749082,8.20073439412485
"E01032783",865,43,82,557,183,465,13,38,285,129,400,30,44,272,54,4.97109826589595,9.47976878612717,64.393063583815,21.1560693641619,53.757225433526,1.5028901734104,4.39306358381503,32.9479768786127,14.9132947976879,46.242774566474,3.46820809248555,5.08670520231214,31.4450867052023,6.24277456647399
"E01032784",896,69,78,574,175,469,29,30,299,111,427,40,48,275,64,7.70089285714286,8.70535714285714,64.0625,19.53125,52.34375,3.23660714285714,3.34821428571429,33.3705357142857,12.3883928571429,47.65625,4.46428571428571,5.35714285714286,30.6919642857143,7.14285714285714
"E01032785",851,27,80,550,194,481,3,41,303,134,370,24,39,247,60,3.17273795534665,9.40070505287897,64.6298472385429,22.7967097532315,56.5217391304348,0.352526439482961,4.81786133960047,35.6051703877791,15.7461809635723,43.4782608695652,2.82021151586369,4.5828437132785,29.0246768507638,7.05052878965922
"E01032786",704,59,150,412,83,394,27,78,235,54,310,32,72,177,29,8.38068181818182,21.3068181818182,58.5227272727273,11.7897727272727,55.9659090909091,3.83522727272727,11.0795454545455,33.3806818181818,7.67045454545455,44.0340909090909,4.54545454545455,10.2272727272727,25.1420454545455,4.11931818181818
"E01032787",959,115,246,500,98,575,62,155,297,61,384,53,91,203,37,11.9916579770594,25.6517205422315,52.1376433785193,10.2189781021898,59.9582898852972,6.46506777893639,16.162669447341,30.9697601668405,6.36079249217935,40.0417101147028,5.52659019812304,9.48905109489051,21.1678832116788,3.85818561001043
