"GeographyCode","QS114EW0001","QS114EW0002","QS114EW0003","QS114EW0004","QS114EW0005","QS114EW0006","QS114EW0007","QS114EW0008","QS114EW0009","QS114EW0010","QS114EW0011","QS114EW0012"
"E00021141",333,58,28,30,275,8,12,21,10,26,136,62
"E00021143",393,37,16,21,356,41,12,44,42,57,75,85
"E00021145",241,41,6,35,200,2,10,35,48,5,33,67
"E00021146",293,47,3,44,246,2,4,12,110,0,7,111
"E00021147",205,24,5,19,181,20,10,46,30,6,24,45
"E00021148",279,42,12,30,237,21,16,25,44,16,34,81
"E00021149",353,39,8,31,314,41,8,44,38,76,62,45
"E00021150",298,28,8,20,270,23,20,19,56,40,53,59
"E00021151",275,51,16,35,224,23,12,21,24,33,64,47
"E00021152",379,51,11,40,328,22,14,39,40,50,95,68
"E00021153",341,41,4,37,300,0,16,13,106,5,25,135
"E00021154",401,32,4,28,369,14,4,50,30,70,120,81
"E00021155",359,57,2,55,302,7,2,14,148,27,5,99
"E00021156",237,78,24,54,159,8,4,38,60,24,19,6
"E00021157",331,26,3,23,305,30,6,44,26,61,76,62
"E00021158",340,31,11,20,309,42,8,38,16,44,121,40
"E00021159",571,96,37,59,475,15,40,54,88,32,82,164
"E00021160",322,32,9,23,290,11,12,31,40,53,76,67
"E00021161",391,40,6,34,351,32,16,62,60,27,23,131
"E00021162",375,37,12,25,338,6,6,44,36,29,82,135
"E00021163",309,44,16,28,265,8,12,11,34,41,62,97
"E00021164",279,58,21,37,221,16,8,46,36,31,41,43
"E00021165",338,40,9,31,298,27,12,28,34,32,76,89
"E00021166",387,30,13,17,357,13,12,21,38,71,68,134
"E00021167",305,48,9,39,257,16,8,21,68,34,64,46
"E00021168",374,44,2,42,330,3,2,14,158,10,0,143
"E00021169",467,55,3,52,412,19,22,56,116,22,94,83
"E00021170",466,43,7,36,423,46,8,78,46,74,83,88
"E00021171",660,75,5,70,585,26,16,70,120,87,155,111
"E00021172",275,57,6,51,218,7,6,40,48,11,46,60
"E00021173",372,52,14,38,320,19,12,39,56,44,66,84
"E00021174",228,48,2,46,180,2,0,19,124,0,0,35
"E00021175",288,46,10,36,242,6,2,30,70,23,31,80
"E00021176",298,65,10,55,233,24,26,33,68,21,27,34
"E00021177",425,37,12,25,388,28,14,41,24,60,121,100
"E00021179",327,47,4,43,280,10,2,14,102,0,72,80
"E00021180",444,54,6,48,390,53,12,47,50,53,56,119
"E00021181",230,44,5,39,186,2,0,25,60,5,24,70
"E00021182",343,63,1,62,280,13,2,34,114,0,19,98
"E00021183",231,60,1,59,171,2,0,9,116,5,6,33
"E00021184",169,26,1,25,143,8,0,16,38,20,23,38
"E00021185",299,52,11,41,247,17,6,39,64,12,54,55
"E00021186",440,57,14,43,383,25,24,43,32,11,151,97
"E00021187",307,17,5,12,290,26,10,83,26,74,27,44
"E00021188",302,57,27,30,245,12,6,19,30,0,79,99
"E00021189",397,30,12,18,367,20,10,33,30,18,127,129
"E00021190",452,44,10,34,408,6,6,35,84,32,95,150
"E00021191",396,25,0,25,371,0,8,52,64,28,148,71
"E00021192",329,36,16,20,293,28,14,41,18,41,62,89
"E00021193",323,79,1,78,244,0,0,14,150,0,11,69
"E00021194",563,40,2,38,523,46,6,87,58,64,147,115
"E00021195",392,17,6,11,375,2,8,13,18,70,130,134
"E00021196",381,29,5,24,352,7,12,62,20,91,110,50
"E00021197",415,102,7,95,313,20,8,35,120,32,26,72
"E00021198",313,19,7,12,294,10,4,52,22,26,114,66
"E00021199",182,77,7,70,105,29,0,16,20,5,23,12
"E00021200",322,28,9,19,294,11,10,35,34,45,74,85
"E00021201",321,33,7,26,288,19,6,26,24,21,89,103
"E00021202",285,27,7,20,258,14,2,36,26,52,95,33
"E00021203",246,40,16,24,206,17,12,32,36,16,29,64
"E00021204",401,59,1,58,342,7,4,22,46,5,144,114
"E00021205",336,26,6,20,310,9,8,28,20,39,112,94
"E00021206",239,25,2,23,214,20,8,21,8,41,74,42
"E00021207",256,89,26,63,167,2,4,18,116,0,0,27
"E00021208",299,36,5,31,263,23,12,38,26,20,67,77
"E00021209",246,18,4,14,228,14,0,22,16,30,81,65
"E00021210",289,19,4,15,270,5,4,31,14,5,126,85
"E00021211",372,41,7,34,331,7,4,48,58,43,52,119
"E00021212",270,14,5,9,256,8,2,45,8,22,83,88
"E00021213",415,38,10,28,377,16,12,58,26,47,101,117
"E00021214",442,44,6,38,398,28,12,45,66,38,101,108
"E00021215",344,85,8,77,259,5,2,35,106,11,8,92
"E00021216",325,99,5,94,226,26,4,39,34,17,43,63
"E00021217",452,122,8,114,330,26,6,55,84,39,69,51
"E00021218",491,44,8,36,447,35,16,112,138,11,20,115
"E00021219",250,31,14,17,219,18,24,30,44,6,31,66
"E00021220",348,73,6,67,275,20,4,92,120,0,9,30
"E00021223",388,70,4,66,318,14,4,48,158,0,20,74
"E00021224",409,54,13,41,355,31,12,41,76,38,38,119
"E00021225",292,62,24,38,230,28,26,44,84,12,13,23
"E00021227",269,40,11,29,229,11,12,61,52,11,20,62
"E00021228",359,43,19,24,316,23,18,42,28,22,59,124
"E00021229",309,42,7,35,267,32,6,49,30,58,34,58
"E00021230",248,53,12,41,195,6,18,45,82,0,22,22
"E00021231",210,74,20,54,136,7,12,30,28,11,8,40
"E00021235",368,20,4,16,348,35,10,35,18,68,115,67
"E00021236",324,44,6,38,280,17,4,65,68,45,43,38
"E00021238",398,46,1,45,352,2,8,51,160,10,11,110
"E00021239",286,48,0,48,238,2,2,73,136,0,4,21
"E00021240",304,64,3,61,240,2,8,38,136,0,9,47
"E00021241",274,30,6,24,244,5,6,36,86,0,17,94
"E00021243",398,37,3,34,361,47,4,68,74,60,56,52
"E00021244",254,96,34,62,158,29,18,21,22,32,16,20
"E00021245",246,45,17,28,201,53,16,11,26,11,18,66
"E00021246",517,49,6,43,468,29,20,75,84,40,136,84
"E00021247",402,22,7,15,380,41,6,52,22,49,111,99
"E00021248",380,29,5,24,351,56,4,160,46,36,24,25
"E00021249",329,27,4,23,302,47,16,31,38,21,69,80
"E00021251",292,42,9,33,250,32,14,39,26,39,36,64
"E00021252",267,40,2,38,227,7,8,39,92,5,10,66
"E00021253",304,78,6,72,226,20,4,39,46,6,83,28
"E00021254",237,33,1,32,204,4,0,56,80,5,13,46
"E00021255",221,37,0,37,184,7,0,62,76,0,0,39
"E00021256",242,24,2,22,218,5,0,52,96,6,4,55
"E00021257",242,28,2,26,214,5,4,43,68,0,44,50
"E00021258",360,39,23,16,321,28,12,54,36,47,76,68
"E00021259",399,35,12,23,364,41,14,44,28,43,62,132
"E00021260",320,62,19,43,258,27,22,18,56,23,61,51
"E00021261",278,46,23,23,232,45,8,30,66,15,33,35
"E00021262",305,36,8,28,269,40,22,41,34,59,20,53
"E00021263",401,50,12,38,351,31,24,100,80,10,29,77
"E00021266",281,36,4,32,245,37,12,35,50,10,32,69
"E00021267",329,47,11,36,282,60,16,55,50,0,35,66
"E00021268",253,30,9,21,223,35,8,31,50,12,28,59
"E00021271",392,86,27,59,306,22,22,16,90,41,45,70
"E00021272",221,33,6,27,188,7,14,25,24,16,37,65
"E00021273",285,55,37,18,230,8,20,34,30,25,47,66
"E00021274",549,55,17,38,494,70,16,61,56,71,129,91
"E00021275",259,52,20,32,207,26,18,26,22,19,44,52
"E00021277",249,37,12,25,212,8,20,32,26,10,44,72
"E00021278",199,28,7,21,171,30,10,23,32,17,22,37
"E00021279",444,42,18,24,402,28,12,68,44,78,83,89
"E00021280",287,66,18,48,221,23,10,43,76,17,8,44
"E00021281",531,58,9,49,473,23,8,51,98,28,111,154
"E00021282",407,68,25,43,339,20,16,36,104,27,63,73
"E00021285",123,40,3,37,83,7,2,10,56,5,0,3
"E00021286",230,37,6,31,193,6,6,25,72,5,18,61
"E00021287",278,63,0,63,215,2,0,22,162,5,0,24
"E00021288",239,52,1,51,187,0,2,40,114,0,0,31
"E00021289",330,42,10,32,288,60,4,89,34,43,30,28
"E00021290",342,30,11,19,312,45,14,22,40,51,60,80
"E00021291",374,109,2,107,265,4,2,7,248,0,0,4
"E00021292",312,35,13,22,277,44,10,25,30,23,73,72
"E00021294",578,77,11,66,501,73,10,43,42,131,150,52
"E00021295",379,39,3,36,340,11,16,33,78,30,42,130
"E00021296",341,52,8,44,289,15,16,61,106,5,6,80
"E00021297",415,42,11,31,373,18,12,88,78,32,35,110
"E00021298",417,54,9,45,363,15,12,62,80,15,24,155
"E00021299",438,40,7,33,398,26,16,38,80,36,40,162
"E00021300",488,45,9,36,443,15,12,72,90,28,26,200
"E00021301",522,37,10,27,485,84,18,104,36,112,66,65
"E00021302",463,63,9,54,400,35,14,34,82,41,61,133
"E00021303",349,47,13,34,302,18,6,33,40,16,120,69
"E00021304",351,27,8,19,324,28,10,32,28,47,35,144
"E00021305",255,31,7,24,224,2,22,41,34,20,32,73
"E00021306",264,50,11,39,214,4,14,42,72,15,16,51
"E00021307",456,59,6,53,397,12,4,34,98,16,14,219
"E00021308",432,24,4,20,408,18,22,32,68,34,98,136
"E00021309",189,40,1,39,149,0,2,25,96,5,0,21
"E00021310",259,34,17,17,225,16,28,30,48,27,9,67
"E00021311",335,37,11,26,298,20,12,47,24,46,81,68
"E00021312",316,36,5,31,280,37,16,62,36,21,16,92
"E00021313",484,57,9,48,427,64,10,52,122,10,26,143
"E00021314",370,44,13,31,326,7,10,98,70,11,32,98
"E00021315",138,92,48,44,46,0,18,4,14,0,4,6
"E00021316",322,26,14,12,296,22,18,32,26,51,59,88
"E00021317",328,23,9,14,305,9,24,67,72,30,29,74
"E00021318",303,57,14,43,246,22,18,29,58,16,14,89
"E00021319",330,43,17,26,287,46,10,35,62,12,32,90
"E00021320",317,32,8,24,285,21,20,61,38,15,42,88
"E00021321",302,28,6,22,274,18,10,18,66,38,41,83
"E00021322",315,36,11,25,279,16,10,40,44,48,50,71
"E00021323",374,55,31,24,319,29,20,54,20,12,102,82
"E00021324",380,50,27,23,330,14,28,63,76,10,9,130
"E00021325",413,46,9,37,367,24,14,74,38,60,59,98
"E00021326",433,26,10,16,407,49,10,60,36,66,98,88
"E00021327",397,61,14,47,336,15,12,64,104,11,32,98
"E00021328",434,17,6,11,417,47,12,34,42,89,76,117
"E00021329",398,97,19,78,301,11,22,38,54,52,53,71
"E00021330",334,43,5,38,291,24,6,21,46,25,92,77
"E00021331",200,37,8,29,163,12,4,33,50,21,22,21
"E00021332",491,29,11,18,462,32,16,15,20,90,203,86
"E00021333",351,40,8,32,311,16,20,55,42,28,92,58
"E00021334",377,55,18,37,322,40,24,50,44,28,51,85
"E00021335",564,43,9,34,521,41,28,64,44,41,162,141
"E00021336",300,13,3,10,287,50,14,42,16,46,77,42
"E00021337",339,10,0,10,329,12,8,31,28,51,125,74
"E00021338",452,29,3,26,423,44,2,102,32,81,92,70
"E00021339",331,31,3,28,300,20,12,45,44,27,35,117
"E00021340",383,103,9,94,280,33,8,44,106,10,22,57
"E00021342",342,23,4,19,319,35,10,52,12,70,100,40
"E00021344",534,34,18,16,500,43,18,37,20,67,197,118
"E00021345",348,23,1,22,325,25,4,99,42,40,74,41
"E00021346",341,31,7,24,310,26,16,66,30,65,75,32
"E00021347",408,45,0,45,363,68,2,81,52,68,65,27
"E00021349",399,33,3,30,366,32,6,68,48,54,90,68
"E00021350",354,29,8,21,325,41,10,23,34,27,138,52
"E00021351",381,48,11,37,333,31,8,73,18,74,76,53
"E00021352",284,33,2,31,251,43,4,45,62,36,46,15
"E00021353",308,58,22,36,250,22,16,39,24,43,69,37
"E00021354",463,31,9,22,432,14,10,42,50,43,171,102
"E00021355",300,76,17,59,224,19,6,35,94,0,17,53
"E00021357",412,29,8,21,383,21,14,53,18,69,143,65
"E00021359",369,31,8,23,338,16,18,29,24,85,99,67
"E00021360",450,27,10,17,423,28,2,65,24,73,125,106
"E00021361",371,35,6,29,336,72,10,70,30,39,66,49
"E00021363",389,38,17,21,351,63,12,73,38,35,81,49
"E00021364",570,31,10,21,539,29,16,51,34,53,196,160
"E00021365",282,69,13,56,213,21,4,23,66,22,43,34
"E00021366",371,50,24,26,321,31,16,75,42,59,54,44
"E00021367",318,47,31,16,271,31,14,61,42,31,32,60
"E00021368",399,43,7,36,356,18,4,37,58,71,84,84
"E00021369",232,7,1,6,225,24,0,46,4,46,84,21
"E00021370",616,37,3,34,579,39,6,96,40,51,265,82
"E00021371",199,5,0,5,194,12,2,22,8,38,93,19
"E00021372",385,46,12,34,339,45,14,60,54,33,55,78
"E00021374",420,30,9,21,390,27,32,46,18,56,134,77
"E00021375",389,49,10,39,340,24,14,46,38,50,118,50
"E00021376",384,39,8,31,345,28,18,38,18,77,78,88
"E00021377",586,56,12,44,530,95,14,72,76,88,71,114
"E00021378",424,73,12,61,351,33,8,60,54,18,76,102
"E00021379",283,62,12,50,221,0,20,32,44,33,54,38
"E00021380",232,64,9,55,168,11,12,18,44,10,54,19
"E00021381",410,42,8,34,368,58,4,43,40,86,75,62
"E00021382",411,26,13,13,385,48,8,65,24,116,84,40
"E00021383",523,66,37,29,457,37,12,47,26,77,147,111
"E00021384",220,50,6,44,170,6,6,34,100,6,0,18
"E00021385",433,44,11,33,389,25,16,36,76,28,110,98
"E00021386",360,33,7,26,327,30,8,23,36,87,75,68
"E00021387",664,61,10,51,603,31,20,73,90,77,208,104
"E00021388",330,64,11,53,266,39,16,43,30,23,70,45
"E00021391",492,43,9,34,449,55,8,65,26,79,149,67
"E00021392",369,65,10,55,304,39,20,56,38,10,63,78
"E00021393",423,45,16,29,378,42,16,65,30,69,64,92
"E00021394",358,47,17,30,311,33,2,77,42,64,46,47
"E00021395",336,37,13,24,299,25,16,48,30,78,71,31
"E00021396",351,55,19,36,296,44,14,57,38,32,48,63
"E00021397",566,35,12,23,531,72,20,91,20,70,170,88
"E00021398",474,48,16,32,426,47,22,46,58,57,101,95
"E00021399",371,66,14,52,305,15,24,52,106,5,56,47
"E00021400",394,34,3,31,360,59,18,35,30,55,70,93
"E00021402",276,39,16,23,237,11,30,45,48,20,37,46
"E00021404",256,62,1,61,194,4,0,41,116,0,0,33
"E00021405",429,29,12,17,400,4,20,46,30,22,143,135
"E00021406",371,54,15,39,317,38,8,65,36,33,63,74
"E00021407",540,57,13,44,483,124,8,103,24,31,134,59
"E00021408",340,71,6,65,269,5,0,56,108,8,19,73
"E00021409",274,50,1,49,224,2,6,49,118,16,0,33
"E00021410",316,36,11,25,280,11,4,34,30,21,86,94
"E00021411",389,55,19,36,334,11,18,27,44,55,67,112
"E00021412",440,20,6,14,420,66,4,72,46,77,90,65
"E00021413",413,42,5,37,371,35,8,64,36,80,98,50
"E00021414",402,10,0,10,392,26,12,49,22,71,121,91
"E00021415",379,32,9,23,347,36,10,52,26,71,86,66
"E00021416",369,29,11,18,340,27,18,59,26,27,71,112
"E00021417",275,44,13,31,231,19,8,45,36,0,49,74
"E00021418",213,49,1,48,164,5,2,42,94,0,5,16
"E00021419",445,27,5,22,418,52,6,84,44,84,93,55
"E00021420",285,43,7,36,242,6,12,82,70,0,45,27
"E00021421",448,99,4,95,349,20,8,58,52,22,104,85
"E00021422",209,39,9,30,170,23,4,42,10,26,36,29
"E00021423",417,38,4,34,379,23,12,47,44,69,101,83
"E00021424",212,35,3,32,177,0,2,29,96,0,13,37
"E00021425",232,60,3,57,172,8,4,43,94,0,0,23
"E00021426",349,16,7,9,333,44,14,63,22,65,60,65
"E00021427",229,49,1,48,180,0,6,53,100,0,0,21
"E00021428",393,33,8,25,360,31,12,81,60,71,53,52
"E00021429",141,15,1,14,126,28,4,26,36,5,20,7
"E00021430",331,45,12,33,286,25,8,81,40,63,50,19
"E00021431",319,49,11,38,270,12,20,38,30,23,74,73
"E00021432",387,66,36,30,321,42,20,57,32,49,68,53
"E00021433",624,66,9,57,558,42,10,90,108,44,92,172
"E00021434",421,36,18,18,385,15,18,21,20,65,135,111
"E00021437",318,44,14,30,274,27,10,33,24,45,59,76
"E00021438",210,45,15,30,165,15,20,24,34,17,14,41
"E00021439",236,36,20,16,200,23,12,35,12,20,32,66
"E00021440",451,27,12,15,424,6,14,30,34,81,140,119
"E00021441",358,29,8,21,329,21,12,53,58,20,86,79
"E00021442",335,41,15,26,294,26,20,24,40,28,66,90
"E00021443",247,48,23,25,199,22,22,9,46,16,31,53
"E00021444",325,39,8,31,286,20,22,21,30,13,57,123
"E00021445",422,20,7,13,402,15,16,57,22,42,167,83
"E00021446",448,15,3,12,433,30,4,67,30,65,146,91
"E00021447",266,40,2,38,226,0,2,30,94,15,17,68
"E00021448",337,47,12,35,290,29,18,56,54,51,40,42
"E00021449",333,60,9,51,273,17,10,27,40,21,52,106
"E00021450",187,17,8,9,170,7,8,25,34,5,16,75
"E00021451",400,53,15,38,347,24,20,55,32,93,57,66
"E00021452",212,63,10,53,149,16,8,36,42,6,18,23
"E00021453",310,43,18,25,267,12,20,33,40,22,12,128
"E00021454",357,27,11,16,330,26,8,53,30,38,92,83
"E00021455",346,66,21,45,280,43,8,37,34,75,32,51
"E00021458",259,80,6,74,179,5,8,21,72,0,9,64
"E00021459",256,58,5,53,198,11,2,27,110,7,5,36
"E00021460",385,52,2,50,333,26,2,43,100,29,40,93
"E00021461",250,50,14,36,200,19,2,16,64,16,40,43
"E00021462",314,56,18,38,258,31,20,52,34,16,31,74
"E00021463",338,48,14,34,290,11,8,22,48,29,65,107
"E00021464",279,47,8,39,232,43,6,20,64,11,32,56
"E00021465",416,23,7,16,393,13,18,61,30,81,79,111
"E00021466",382,48,9,39,334,16,4,67,36,16,66,129
"E00021467",371,36,5,31,335,27,4,49,22,48,86,99
"E00021468",265,47,13,34,218,15,6,15,36,42,20,84
"E00021469",446,42,13,29,404,38,6,50,46,51,106,107
"E00021470",282,53,17,36,229,5,14,24,30,18,56,82
"E00021471",373,34,13,21,339,25,6,64,62,41,86,55
"E00021473",299,25,8,17,274,15,18,34,28,54,70,55
"E00021474",402,18,7,11,384,22,16,60,34,45,77,130
"E00021475",377,30,12,18,347,12,14,28,36,22,97,138
"E00021476",406,23,8,15,383,34,8,51,24,44,85,137
"E00021477",460,55,12,43,405,17,8,50,80,7,110,133
"E00021478",333,46,11,35,287,15,8,36,52,44,52,80
"E00021479",411,36,3,33,375,14,2,22,92,6,58,181
"E00021480",303,47,1,46,256,10,2,63,118,26,18,19
"E00021481",413,34,10,24,379,16,10,41,30,44,59,179
"E00021482",455,19,9,10,436,0,10,36,42,33,101,214
"E00021483",600,55,3,52,545,25,10,61,148,53,58,190
"E00021484",364,22,3,19,342,0,2,56,46,17,39,182
"E00021485",330,37,4,33,293,30,6,71,32,55,48,51
"E00021486",387,23,4,19,364,16,18,64,28,54,73,111
"E00021487",220,17,5,12,203,15,10,15,30,67,40,26
"E00021488",444,48,8,40,396,28,10,48,58,79,106,67
"E00021489",346,35,12,23,311,25,10,91,28,65,48,44
"E00021490",306,46,10,36,260,23,2,81,22,64,48,20
"E00021491",285,20,7,13,265,16,4,44,26,34,95,46
"E00021492",372,44,6,38,328,36,18,47,38,48,95,46
"E00021493",481,23,6,17,458,38,10,54,14,107,159,76
"E00021494",546,45,11,34,501,25,20,66,54,54,167,115
"E00021495",609,52,2,50,557,21,6,60,56,79,221,114
"E00021496",360,25,8,17,335,30,4,53,14,98,79,57
"E00021497",517,31,6,25,486,22,4,47,4,108,199,102
"E00021498",389,28,9,19,361,41,8,61,32,66,81,72
"E00021499",306,40,2,38,266,10,10,27,62,28,23,106
"E00021500",310,44,3,41,266,13,4,27,108,10,27,77
"E00021501",292,61,10,51,231,15,8,37,50,18,43,60
"E00021502",375,60,3,57,315,41,2,23,20,47,114,68
"E00021503",393,36,6,30,357,47,6,66,32,82,89,35
"E00021504",399,58,10,48,341,18,4,88,80,70,59,22
"E00021505",296,26,9,17,270,22,12,32,24,33,93,54
"E00021506",317,61,11,50,256,29,14,50,44,31,31,57
"E00021507",376,67,17,50,309,14,12,28,90,20,68,77
"E00021508",358,44,11,33,314,15,8,52,58,38,63,80
"E00021509",499,64,37,27,435,18,22,56,44,67,93,135
"E00021510",240,44,3,41,196,8,6,69,86,0,10,17
"E00021511",205,42,2,40,163,0,4,49,90,0,14,6
"E00021516",252,30,3,27,222,20,10,20,58,11,27,76
"E00021517",304,56,2,54,248,11,0,44,62,11,33,87
"E00021518",337,58,3,55,279,17,14,51,74,11,32,80
"E00021519",463,53,5,48,410,13,24,71,142,15,49,96
"E00021520",216,35,3,32,181,0,0,55,58,10,9,49
"E00021521",259,24,10,14,235,31,10,43,42,0,51,58
"E00021522",468,32,7,25,436,25,12,48,38,45,186,82
"E00021524",590,45,2,43,545,44,4,86,72,48,106,185
"E00021525",308,48,0,48,260,5,2,53,80,10,35,75
"E00021526",342,66,2,64,276,2,2,55,130,5,16,66
"E00021527",317,48,0,48,269,23,4,88,80,0,4,70
"E00021528",259,25,9,16,234,18,16,61,22,22,48,47
"E00021529",192,76,33,43,116,24,4,30,34,0,15,9
"E00021531",597,43,5,38,554,48,18,84,50,62,206,86
"E00021532",318,39,2,37,279,6,0,70,102,10,24,67
"E00021533",242,63,1,62,179,7,4,22,110,0,0,36
"E00021534",225,49,3,46,176,4,0,18,122,0,12,20
"E00021535",286,33,2,31,253,7,8,32,70,18,36,82
"E00021536",282,39,1,38,243,3,0,46,78,12,24,80
"E00021537",339,47,2,45,292,4,8,68,136,0,4,72
"E00021538",684,94,5,89,590,11,10,156,214,0,8,191
"E00021539",252,50,0,50,202,0,4,28,132,0,0,38
"E00021541",229,66,0,66,163,2,2,31,110,0,0,18
"E00021542",218,34,1,33,184,0,10,81,64,0,4,25
"E00021543",270,45,4,41,225,2,4,42,132,0,0,45
"E00021544",180,18,0,18,162,4,4,44,74,0,13,23
"E00021546",196,31,1,30,165,12,2,44,92,0,0,15
"E00021547",278,55,13,42,223,5,12,31,26,23,71,55
"E00021549",386,25,8,17,361,11,12,48,62,43,85,100
"E00021550",402,49,8,41,353,51,4,62,46,27,100,63
"E00021552",241,32,7,25,209,17,22,24,38,23,40,45
"E00021553",349,37,12,25,312,23,22,41,24,59,81,62
"E00021554",259,41,6,35,218,27,0,37,106,0,17,31
"E00021555",447,37,4,33,410,38,4,82,50,43,120,73
"E00021556",285,57,0,57,228,6,0,36,118,6,20,42
"E00021557",340,63,4,59,277,7,8,76,132,0,13,41
"E00021559",338,57,17,40,281,11,22,48,78,26,20,76
"E00021560",431,51,13,38,380,19,10,45,68,45,124,69
"E00021561",278,61,7,54,217,9,4,14,94,0,8,88
"E00021562",372,47,8,39,325,12,8,33,76,6,105,85
"E00021563",391,30,8,22,361,16,20,36,54,33,142,60
"E00021564",313,43,30,13,270,6,24,29,34,52,30,95
"E00021565",207,41,9,32,166,15,10,26,24,33,39,19
"E00021566",446,56,7,49,390,9,4,24,48,12,83,210
"E00021567",351,42,13,29,309,13,20,43,66,33,36,98
"E00021569",302,55,8,47,247,6,8,26,82,41,8,76
"E00021572",359,60,6,54,299,5,16,51,44,38,91,54
"E00021574",267,24,3,21,243,4,10,18,38,10,79,84
"E00021577",291,58,19,39,233,28,8,28,44,41,52,32
"E00021579",362,25,6,19,337,10,4,64,28,95,79,57
"E00021580",423,27,7,20,396,22,12,44,22,80,119,97
"E00021582",401,18,7,11,383,15,12,25,20,17,213,81
"E00021583",434,55,10,45,379,29,10,55,38,54,132,61
"E00021584",302,38,15,23,264,13,14,37,28,33,60,79
"E00021585",590,29,7,22,561,20,8,62,22,59,249,141
"E00021586",455,19,13,6,436,24,12,85,38,65,108,104
"E00021587",396,34,17,17,362,20,20,52,28,58,96,88
"E00021588",333,66,27,39,267,40,18,63,26,40,41,39
"E00021590",376,41,19,22,335,23,22,57,40,49,67,77
"E00021591",461,26,3,23,435,64,2,88,14,113,129,25
"E00021592",315,29,9,20,286,7,20,43,36,31,57,92
"E00021593",225,92,41,51,133,0,32,36,24,5,16,20
"E00021594",336,53,18,35,283,10,18,25,32,38,74,86
"E00021595",354,50,16,34,304,4,10,45,42,12,95,96
"E00021596",381,60,18,42,321,23,22,43,64,10,42,117
"E00021597",374,28,9,19,346,16,4,45,46,59,75,101
"E00021598",260,40,5,35,220,0,14,25,54,15,9,103
"E00021599",326,68,0,68,258,0,8,64,102,14,16,54
"E00021600",308,69,11,58,239,7,12,47,108,0,19,46
"E00021601",230,55,9,46,175,3,14,41,58,5,6,48
"E00021602",368,27,3,24,341,9,4,32,52,5,88,151
"E00021603",184,56,5,51,128,2,2,30,66,5,0,23
"E00021604",356,64,13,51,292,30,10,52,44,27,28,101
"E00021605",289,69,25,44,220,5,14,47,86,0,0,68
"E00021606",282,89,18,71,193,2,18,28,124,0,8,13
"E00021607",262,62,20,42,200,12,8,39,20,21,53,47
"E00021608",217,49,8,41,168,4,2,27,80,0,5,50
"E00021610",323,66,13,53,257,12,10,31,70,38,31,65
"E00021611",397,54,6,48,343,2,8,48,88,16,103,78
"E00021612",214,73,2,71,141,6,14,17,98,0,0,6
"E00021613",188,67,4,63,121,0,0,12,106,0,0,3
"E00021614",263,86,3,83,177,0,10,28,110,0,0,29
"E00021615",218,88,2,86,130,9,6,11,88,5,0,11
"E00021616",438,18,6,12,420,19,10,46,40,74,124,107
"E00021617",166,62,4,58,104,0,0,4,76,0,0,24
"E00021618",282,26,4,22,256,13,2,98,18,54,43,28
"E00021619",463,45,7,38,418,42,20,81,50,79,74,72
"E00021620",246,65,8,57,181,10,6,25,50,15,49,26
"E00021621",333,45,14,31,288,9,14,69,38,26,93,39
"E00021622",247,56,3,53,191,5,0,34,100,0,0,52
"E00021623",189,56,6,50,133,15,0,26,16,41,19,16
"E00021624",292,72,5,67,220,0,20,21,136,0,0,43
"E00021625",443,96,3,93,347,6,6,64,214,0,0,57
"E00021626",329,123,26,97,206,0,10,29,124,0,8,35
"E00021627",372,84,2,82,288,4,6,48,156,11,5,58
"E00021628",214,46,2,44,168,0,6,34,70,6,22,30
"E00021629",229,58,3,55,171,4,6,42,80,0,0,39
"E00021630",262,62,16,46,200,17,2,39,54,10,28,50
"E00021631",305,42,3,39,263,5,2,84,110,0,6,56
"E00021632",229,49,2,47,180,7,10,31,68,0,0,64
"E00021633",214,43,5,38,171,2,12,21,98,5,4,29
"E00021634",283,50,2,48,233,0,8,38,102,15,39,31
"E00021635",227,47,2,45,180,4,2,33,86,5,6,44
"E00021636",335,32,5,27,303,22,16,31,32,37,107,58
"E00021637",507,33,4,29,474,50,12,72,88,51,106,95
"E00021639",347,33,15,18,314,9,4,6,12,35,160,88
"E00021640",397,56,19,37,341,26,16,43,48,59,102,47
"E00021641",415,40,11,29,375,15,10,29,50,5,164,102
"E00021642",335,51,14,37,284,8,18,42,26,69,55,66
"E00021643",246,28,7,21,218,12,14,22,46,22,60,42
"E00021644",327,51,19,32,276,16,22,11,44,22,64,97
"E00021646",498,33,8,25,465,50,20,86,44,61,129,75
"E00021648",202,45,1,44,157,0,2,16,56,0,10,73
"E00021649",434,38,13,25,396,11,10,40,32,50,144,109
"E00021650",265,29,2,27,236,5,4,45,60,35,10,77
"E00021651",251,56,3,53,195,12,14,48,100,0,5,16
"E00021652",276,61,9,52,215,0,6,53,108,0,5,43
"E00021653",547,52,16,36,495,28,8,93,40,47,165,114
"E00021654",379,70,9,61,309,22,4,44,36,47,120,36
"E00021655",274,22,3,19,252,6,6,26,14,30,118,52
"E00021656",386,53,20,33,333,7,32,17,70,25,37,145
"E00021657",204,40,1,39,164,2,4,18,106,0,4,30
"E00021658",177,35,2,33,142,2,8,34,66,0,0,32
"E00021659",335,59,3,56,276,21,0,29,56,33,67,70
"E00021660",278,44,22,22,234,5,22,36,48,16,42,65
"E00021661",480,85,21,64,395,44,8,33,92,11,77,130
"E00021662",566,41,9,32,525,38,20,22,42,63,174,166
"E00021663",236,81,17,64,155,10,12,28,52,12,25,16
"E00021665",473,45,13,32,428,32,20,56,36,64,153,67
"E00021666",559,71,3,68,488,38,4,87,114,89,69,87
"E00021667",490,38,9,29,452,28,6,70,26,70,182,70
"E00021668",499,108,40,68,391,48,26,21,128,21,59,88
"E00021669",488,27,9,18,461,20,14,64,20,80,198,65
"E00021670",402,24,8,16,378,46,12,55,32,78,93,62
"E00021671",351,25,9,16,326,28,4,35,18,23,145,73
"E00021672",416,37,5,32,379,7,14,22,62,19,101,154
"E00021673",374,53,20,33,321,3,8,28,50,34,126,72
"E00021674",378,51,3,48,327,5,6,37,102,12,68,97
"E00021675",518,44,12,32,474,29,12,58,46,75,148,106
"E00021676",293,75,4,71,218,0,0,13,142,6,0,57
"E00021677",336,38,7,31,298,7,6,42,44,27,73,99
"E00021678",438,55,7,48,383,12,8,53,66,38,59,147
"E00021679",150,17,0,17,133,3,2,17,38,18,15,40
"E00021680",494,60,5,55,434,2,8,70,122,5,106,121
"E00021681",262,64,0,64,198,6,4,23,114,0,15,36
"E00021682",545,38,17,21,507,15,26,16,24,55,179,192
"E00021683",509,42,10,32,467,12,12,63,28,6,190,156
"E00021685",568,71,10,61,497,14,10,48,138,54,117,116
"E00021686",330,97,0,97,233,13,4,36,88,0,39,53
"E00021687",435,49,13,36,386,7,12,30,160,15,43,119
"E00021688",381,49,3,46,332,8,14,15,74,5,126,90
"E00021689",271,83,2,81,188,0,8,12,114,0,0,54
"E00021690",445,99,13,86,346,3,4,20,138,16,55,110
"E00021691",315,68,21,47,247,8,12,25,46,28,62,66
"E00021692",271,73,8,65,198,6,14,18,98,5,0,57
"E00021693",430,79,5,74,351,5,6,60,120,32,51,77
"E00021694",454,59,11,48,395,10,8,32,64,39,149,93
"E00021695",372,39,4,35,333,8,4,30,128,5,65,93
"E00021696",522,61,4,57,461,18,0,15,118,16,175,119
"E00021697",305,59,7,52,246,27,10,27,68,31,29,54
"E00021698",340,61,28,33,279,4,20,65,82,16,10,82
"E00021699",390,76,22,54,314,24,14,49,62,33,57,75
"E00021700",511,75,11,64,436,18,16,37,128,39,47,151
"E00021701",442,53,6,47,389,12,28,39,90,11,72,137
"E00021702",370,35,14,21,335,47,12,19,26,51,87,93
"E00021703",315,35,6,29,280,10,20,36,52,21,61,80
"E00021704",375,48,19,29,327,32,6,48,82,53,26,80
"E00021705",431,53,8,45,378,28,18,54,82,50,42,104
"E00021706",338,32,8,24,306,13,18,29,26,27,93,100
"E00021707",377,41,4,37,336,24,4,40,80,39,82,67
"E00021708",298,46,18,28,252,5,16,25,58,12,39,97
"E00021709",324,35,11,24,289,10,14,27,34,36,64,104
"E00021710",313,41,15,26,272,8,18,32,32,11,93,78
"E00021711",471,59,6,53,412,33,4,30,124,20,81,120
"E00021712",297,62,17,45,235,2,8,6,106,0,18,95
"E00021713",295,27,4,23,268,30,0,40,34,52,51,61
"E00021714",209,57,3,54,152,4,2,11,32,5,49,49
"E00021715",357,45,2,43,312,45,4,34,48,31,63,87
"E00021716",280,101,48,53,179,4,44,12,36,6,28,49
"E00021717",253,46,5,41,207,16,8,17,34,15,47,70
"E00021718",361,55,3,52,306,19,10,35,68,11,41,122
"E00021719",163,13,0,13,150,12,2,31,16,11,23,55
"E00021722",342,68,2,66,274,23,6,39,52,17,24,113
"E00021723",269,38,3,35,231,15,6,30,42,55,18,65
"E00021724",260,40,5,35,220,16,4,36,82,5,20,57
"E00021725",232,43,22,21,189,0,12,34,80,15,5,43
"E00021726",268,38,13,25,230,50,6,37,32,32,46,27
"E00021727",249,51,9,42,198,37,10,51,24,19,29,28
"E00021728",253,45,15,30,208,16,16,29,48,38,12,49
"E00021729",190,25,9,16,165,9,8,3,22,28,27,68
"E00021730",370,63,11,52,307,19,14,86,62,25,49,52
"E00021731",396,52,8,44,344,35,22,39,64,84,43,57
"E00021732",268,21,6,15,247,26,14,25,50,28,35,69
"E00021733",525,142,8,134,383,3,8,23,80,10,139,120
"E00021734",599,69,27,42,530,33,14,111,68,49,136,119
"E00021735",481,28,2,26,453,26,6,51,50,36,172,112
"E00021736",492,26,12,14,466,14,16,55,16,59,177,129
"E00021737",283,26,7,19,257,6,2,63,66,16,43,61
"E00021738",332,47,5,42,285,20,2,18,28,28,117,72
"E00021739",273,32,1,31,241,6,0,30,110,5,0,90
"E00021740",393,69,14,55,324,22,14,70,68,42,58,50
"E00021741",223,45,0,45,178,0,2,3,124,0,0,49
"E00021742",547,59,4,55,488,35,8,69,120,58,69,129
"E00021743",313,57,9,48,256,7,16,34,58,17,40,84
"E00021744",568,90,2,88,478,13,2,26,158,10,65,204
"E00021745",233,45,17,28,188,18,14,28,18,17,56,37
"E00021746",233,68,1,67,165,0,2,20,128,5,0,10
"E00021748",534,74,9,65,460,11,12,28,78,17,150,164
"E00021750",449,15,8,7,434,19,10,43,24,67,177,94
"E00021752",422,43,11,32,379,13,14,39,24,46,103,140
"E00021753",282,58,14,44,224,17,8,27,18,57,66,31
"E00021754",204,34,22,12,170,14,18,25,20,22,21,50
"E00021755",358,35,7,28,323,13,6,21,52,17,74,140
"E00021756",217,38,8,30,179,6,10,33,56,15,14,45
"E00021757",248,38,7,31,210,16,14,33,16,25,51,55
"E00021758",322,59,10,49,263,8,6,44,48,6,65,86
"E00021759",369,31,9,22,338,7,14,49,22,46,128,72
"E00021760",351,41,2,39,310,28,14,34,16,65,92,61
"E00021761",209,39,5,34,170,4,0,47,70,0,25,24
"E00021762",306,29,9,20,277,12,10,44,40,23,72,76
"E00021763",394,40,19,21,354,17,12,46,30,38,106,105
"E00021764",467,17,0,17,450,4,4,14,32,12,184,200
"E00021766",413,22,2,20,391,5,6,25,34,8,189,124
"E00021767",233,65,10,55,168,22,8,19,56,20,16,27
"E00167078",270,46,5,41,224,12,2,11,80,5,41,73
"E00167079",222,42,0,42,180,0,0,30,104,0,10,36
"E00167080",390,41,7,34,349,37,6,108,52,52,58,36
"E00167081",279,38,5,33,241,2,6,64,66,16,18,69
"E00167082",309,41,0,41,268,2,2,42,120,5,25,72
"E00167083",343,33,2,31,310,11,4,36,70,28,99,62
"E00167084",231,34,1,33,197,31,2,40,84,5,10,25
"E00167085",267,55,7,48,212,31,8,27,54,0,45,47
"E00167086",368,41,5,36,327,25,0,25,90,29,85,73
"E00167087",282,47,0,47,235,0,2,31,156,6,37,3
"E00167088",210,46,0,46,164,2,0,10,106,5,21,20
"E00167089",171,39,18,21,132,8,10,6,52,0,0,56
"E00167090",195,38,0,38,157,31,0,42,68,5,0,11
"E00167091",331,39,1,38,292,49,6,17,102,25,16,77
"E00167092",294,37,3,34,257,28,0,24,72,12,28,93
"E00167093",196,32,0,32,164,22,0,24,90,7,10,11
"E00167094",280,33,9,24,247,8,8,25,116,15,14,61
"E00167095",286,51,10,41,235,2,12,11,24,10,66,110
"E00167096",131,22,1,21,109,0,0,0,60,0,0,49
"E00167097",259,56,0,56,203,17,0,21,100,21,11,33
"E00167098",131,31,0,31,100,2,0,10,74,0,0,14
"E00167099",110,41,0,41,69,0,0,3,56,0,0,10
"E00167100",519,64,0,64,455,0,4,24,134,0,0,293
"E00167101",256,66,2,64,190,0,0,19,130,5,5,31
"E00167102",300,41,2,39,259,26,2,32,86,28,18,67
"E00167103",206,56,0,56,150,0,0,21,122,0,0,7
"E00167104",216,51,4,47,165,0,4,19,100,0,0,42
"E00167105",479,32,8,24,447,37,4,33,32,99,173,69
"E00167106",314,60,3,57,254,2,6,59,124,6,11,46
"E00167107",238,56,0,56,182,29,2,29,70,23,17,12
"E00167108",400,49,15,34,351,35,28,49,58,16,45,120
"E00167109",261,57,0,57,204,26,0,13,66,16,41,42
"E00167110",293,45,7,38,248,11,2,19,78,22,72,44
"E00167111",282,48,0,48,234,10,0,13,146,10,5,50
"E00167112",795,147,13,134,648,39,22,98,320,12,55,102
"E00167113",473,56,2,54,417,34,2,33,72,110,125,41
"E00167114",464,31,13,18,433,17,14,38,38,34,166,126
"E00167115",727,202,1,201,525,65,4,65,216,71,75,29
"E00167116",280,37,5,32,243,39,8,33,32,27,48,56
"E00167117",133,7,0,7,126,0,0,17,38,0,0,71
"E00167118",244,55,1,54,189,4,2,44,122,0,0,17
"E00167119",305,46,2,44,259,18,8,56,82,21,32,42
"E00167120",283,54,1,53,229,20,0,52,88,11,34,24
"E00167121",265,47,0,47,218,8,0,46,124,5,5,30
"E00167122",202,64,2,62,138,3,8,12,90,5,0,20
"E00167123",347,25,3,22,322,44,2,46,48,49,87,46
"E00167124",308,55,0,55,253,16,2,47,76,10,62,40
"E00167125",173,34,3,31,139,8,0,28,74,5,0,24
"E00167126",367,50,0,50,317,12,0,60,154,0,0,91
"E00167127",265,40,3,37,225,6,2,65,84,0,23,45
"E00167128",276,30,1,29,246,36,0,44,26,57,44,39
"E00167129",615,125,0,125,490,71,4,106,242,5,29,33
"E00167130",834,205,2,203,629,91,0,122,328,43,9,36
"E00167131",145,36,28,8,109,0,10,13,4,26,26,30
"E00167132",393,195,0,195,198,0,0,12,174,0,0,12
"E00167133",175,38,7,31,137,2,4,34,34,5,35,23
"E00167134",222,71,3,68,151,0,8,32,92,0,0,19
"E00167135",269,44,0,44,225,2,2,86,96,5,4,30
"E00167136",178,15,5,10,163,0,6,22,14,24,43,54
"E00167137",222,63,0,63,159,2,4,29,112,0,0,12
"E00167138",230,61,0,61,169,27,2,32,86,0,0,22
"E00167139",305,140,0,140,165,12,2,16,116,10,6,3
"E00167140",246,54,2,52,192,37,0,31,90,10,4,20
"E00167141",313,64,1,63,249,4,0,30,146,0,20,49
"E00167142",453,65,1,64,388,4,10,79,170,0,10,115
"E00167143",337,28,6,22,309,29,2,38,44,26,58,112
"E00167144",428,24,7,17,404,33,10,48,28,41,166,78
"E00167145",196,35,0,35,161,2,6,34,88,5,0,26
"E00167146",300,62,1,61,238,2,8,57,124,0,4,43
"E00167147",277,28,0,28,249,93,0,50,42,52,6,6
"E00167148",188,61,0,61,127,0,2,9,98,0,0,18
"E00167149",167,23,0,23,144,31,0,23,70,0,4,16
"E00167150",366,90,0,90,276,7,0,45,174,5,4,41
"E00167151",423,106,2,104,317,4,4,74,184,5,0,46
"E00167152",164,72,1,71,92,4,2,0,82,0,4,0
"E00167153",402,39,0,39,363,47,4,48,44,60,134,26
"E00167154",205,43,0,43,162,0,6,32,86,0,12,26
"E00167155",310,30,2,28,280,18,8,28,146,0,11,69
"E00167156",336,42,3,39,294,18,4,50,38,60,60,64
"E00167157",317,80,0,80,237,2,0,40,186,0,0,9
"E00167158",257,82,3,79,175,2,4,37,132,0,0,0
"E00167159",211,50,1,49,161,0,4,32,104,5,0,16
"E00167160",316,35,6,29,281,41,6,49,44,12,68,61
"E00167161",312,23,4,19,289,14,16,29,24,42,90,74
"E00167162",337,73,0,73,264,14,2,63,166,0,0,19
"E00167163",260,45,1,44,215,0,0,23,74,0,17,101
"E00167164",118,22,2,20,96,15,0,29,26,18,5,3
"E00167165",228,57,2,55,171,0,4,9,120,0,0,38
"E00167166",464,29,1,28,435,9,0,23,126,7,32,238
"E00167167",267,37,0,37,230,2,6,6,124,0,0,92
"E00167168",281,59,1,58,222,20,2,27,112,15,9,37
"E00167169",282,69,1,68,213,11,4,22,58,39,46,33
"E00167170",171,29,1,28,142,0,4,51,52,0,5,30
"E00167171",211,19,6,13,192,4,6,32,22,34,61,33
"E00167172",174,53,1,52,121,4,0,13,68,0,0,36
"E00167173",473,50,6,44,423,17,4,53,26,10,214,99
"E00167174",240,53,0,53,187,2,2,34,126,0,14,9
"E00167175",212,81,13,68,131,2,18,37,54,0,9,11
"E00167176",332,94,2,92,238,11,0,29,102,10,5,81
"E00167177",264,40,1,39,224,3,0,37,112,0,5,67
"E00167178",321,41,1,40,280,11,6,16,88,51,54,54
"E00167179",240,47,0,47,193,9,0,3,116,0,0,65
"E00167180",311,39,0,39,272,38,0,48,56,61,48,21
"E00167181",160,13,1,12,147,0,2,3,26,10,44,62
"E00167182",149,27,2,25,122,23,0,31,24,27,14,3
"E00167183",139,23,0,23,116,0,2,61,50,0,0,3
"E00167184",175,45,1,44,130,15,2,26,44,0,23,20
"E00167185",247,43,17,26,204,27,18,20,24,10,59,46
"E00167186",243,41,3,38,202,3,8,13,96,0,0,82
"E00167187",288,35,6,29,253,26,4,32,84,5,35,67
"E00167188",304,32,0,32,272,9,0,35,142,0,4,82
"E00167189",273,36,3,33,237,14,8,21,74,0,18,102
"E00167190",210,30,4,26,180,7,2,14,92,7,35,23
"E00167191",216,41,1,40,175,2,6,12,138,5,0,12
"E00167192",230,30,1,29,200,7,0,14,108,0,46,25
"E00167193",220,40,7,33,180,25,14,24,40,10,43,24
"E00167194",287,42,1,41,245,52,4,18,76,21,47,27
"E00167195",189,42,1,41,147,12,6,27,60,5,18,19
"E00167196",204,30,9,21,174,12,8,20,22,16,61,35
"E00167197",246,56,33,23,190,18,4,23,50,10,35,50
"E00167198",535,52,17,35,483,36,24,55,40,93,107,128
"E00167199",171,9,0,9,162,4,0,4,66,11,8,69
"E00167200",218,23,0,23,195,15,2,21,120,0,0,37
"E00167201",319,48,21,27,271,46,26,77,34,21,20,47
"E00167202",197,64,24,40,133,16,8,24,28,12,11,34
"E00167203",384,35,3,32,349,11,4,34,66,20,119,95
"E00167204",239,29,0,29,210,2,0,21,138,0,5,44
"E00167205",326,47,15,32,279,37,10,32,30,60,74,36
"E00167206",387,27,13,14,360,25,16,73,36,56,67,87
"E00167207",335,14,0,14,321,30,2,50,84,43,61,51
"E00167208",266,32,1,31,234,2,2,19,148,0,11,52
"E00167209",376,49,0,49,327,39,2,102,116,18,12,38
"E00167210",141,24,1,23,117,2,0,28,64,5,0,18
"E00167211",378,31,5,26,347,30,8,84,82,26,80,37
"E00167212",282,51,2,49,231,28,2,82,26,27,43,23
"E00167213",397,30,4,26,367,12,14,29,30,30,202,50
"E00167214",362,28,1,27,334,62,6,69,58,6,97,36
"E00167215",327,56,2,54,271,8,4,39,104,38,34,44
"E00167216",379,20,4,16,359,31,8,50,38,60,121,51
"E00167217",278,28,6,22,250,10,10,27,24,21,104,54
"E00167218",303,37,0,37,266,30,0,68,72,19,42,35
"E00167219",307,22,4,18,285,29,6,72,24,54,60,40
"E00167220",228,60,0,60,168,0,0,24,120,0,5,19
"E00167221",419,59,21,38,360,44,12,33,48,49,105,69
"E00167222",322,13,3,10,309,21,2,36,26,42,99,83
"E00167223",393,37,0,37,356,48,2,71,50,66,88,31
"E00167224",351,52,0,52,299,63,2,124,26,44,19,21
"E00167225",402,12,1,11,390,29,0,81,28,88,151,13
"E00167226",226,59,0,59,167,4,2,40,96,0,4,21
"E00167227",336,52,9,43,284,14,12,16,60,37,61,84
"E00167228",292,31,3,28,261,38,0,70,50,20,37,46
"E00167229",341,38,10,28,303,33,20,39,28,76,44,63
"E00167230",196,55,0,55,141,7,0,25,94,0,0,15
"E00167231",260,31,0,31,229,12,4,36,48,5,63,61
"E00167232",200,44,2,42,156,10,4,12,86,17,4,23
"E00167233",213,27,0,27,186,13,2,57,44,20,30,20
"E00167234",378,20,4,16,358,40,6,55,42,30,110,75
"E00167235",462,45,17,28,417,18,12,54,32,49,180,72
"E00167236",180,30,0,30,150,0,0,25,92,0,0,33
"E00167237",192,39,2,37,153,0,0,25,92,0,20,16
"E00167238",349,50,12,38,299,40,12,50,48,53,69,27
"E00167239",188,31,0,31,157,37,2,26,36,31,17,8
"E00167240",481,36,6,30,445,36,8,33,28,120,170,50
"E00167241",380,34,16,18,346,16,10,41,12,59,132,76
"E00167242",191,29,0,29,162,16,2,61,50,10,4,19
"E00167243",283,39,0,39,244,9,0,23,120,15,4,73
"E00167244",255,32,2,30,223,4,0,12,90,0,19,98
"E00167245",302,51,0,51,251,18,2,18,76,20,67,50
"E00167246",226,38,9,29,188,12,18,24,40,10,65,19
"E00167247",171,20,1,19,151,9,0,31,78,0,27,6
"E00167248",369,154,1,153,215,18,0,10,168,0,0,19
"E00167249",352,130,0,130,222,0,0,16,188,0,0,18
"E00167250",428,18,0,18,410,48,0,31,24,124,156,27
"E00167251",309,49,0,49,260,0,0,0,10,6,6,238
"E00167252",381,40,3,37,341,23,8,64,70,53,68,55
"E00167253",310,42,2,40,268,30,2,112,82,15,18,9
"E00167254",254,45,15,30,209,6,14,8,36,17,21,107
"E00167255",382,21,1,20,361,13,12,48,54,49,125,60
"E00167256",280,52,0,52,228,7,0,60,80,12,50,19
"E00167257",367,63,0,63,304,7,0,115,98,35,25,24
"E00167258",393,25,6,19,368,5,12,27,10,23,220,71
"E00167259",255,21,3,18,234,10,4,27,24,21,118,30
"E00167260",474,35,9,26,439,18,4,41,30,53,218,75
"E00167261",401,48,4,44,353,21,16,32,88,30,77,89
"E00167262",91,17,1,16,74,2,4,17,30,0,4,17
"E00167263",192,27,0,27,165,0,0,10,124,0,0,31
"E00167264",287,52,7,45,235,9,14,42,42,22,43,63
"E00167265",328,72,39,33,256,16,22,17,28,30,35,108
"E00167266",315,92,56,36,223,14,10,27,52,11,19,90
